points: 2
frames: 110
1.211639 0.130721 1.226841 -0.540597 -0.470142 0.433379 0.546721
1.204648 0.133946 1.407150 -0.037805 -0.650755 -0.107097 0.750746

1.211047 0.131702 1.227237 -0.553370 -0.465631 0.419557 0.548581
1.205419 0.132550 1.408448 -0.054562 -0.661908 -0.078265 0.743489

1.211319 0.131357 1.226834 -0.536788 -0.496933 0.402870 0.550102
1.203979 0.131522 1.409212 -0.033567 -0.647785 -0.116783 0.752071

1.211198 0.131768 1.226801 -0.553154 -0.466309 0.418179 0.549275
1.204993 0.133383 1.408324 -0.044071 -0.671777 -0.110448 0.731146

1.211937 0.131223 1.226458 -0.574320 -0.457118 0.394969 0.552449
1.204969 0.132378 1.408974 -0.101124 -0.714261 -0.108172 0.684035

1.210995 0.131230 1.227001 -0.555078 -0.466452 0.416270 0.548662
1.205773 0.134062 1.407228 -0.054892 -0.660749 -0.078797 0.744438

1.211634 0.131175 1.226557 -0.548858 -0.462457 0.423497 0.552755
1.204640 0.133038 1.408212 -0.037487 -0.659609 -0.104373 0.743382

1.211118 0.131716 1.226858 -0.553473 -0.468319 0.418344 0.547114
1.204553 0.132643 1.408363 -0.059568 -0.704369 -0.121327 0.696847

1.211432 0.131260 1.226313 -0.573011 -0.470267 0.398385 0.540182
1.204874 0.134030 1.408461 -0.070610 -0.661382 -0.057838 0.744475

1.211276 0.130910 1.226253 -0.572686 -0.469489 0.399658 0.540263
1.205386 0.134353 1.407077 -0.020590 -0.647882 -0.082097 0.757024

1.210802 0.129445 1.227297 -0.558508 -0.476629 0.365859 0.571875
1.204694 0.132500 1.407974 -0.069190 -0.660459 -0.100349 0.740903

1.211572 0.129917 1.226735 -0.574028 -0.460072 0.395974 0.549572
1.204797 0.134592 1.407694 -0.038195 -0.661033 -0.105025 0.741988

1.210654 0.130872 1.227380 -0.548329 -0.475250 0.425135 0.541048
1.204225 0.131948 1.409124 -0.067367 -0.657899 -0.080734 0.745729

1.210283 0.130470 1.227604 -0.585505 -0.447031 0.379593 0.559693
1.204724 0.133043 1.408207 -0.031706 -0.663718 -0.095124 0.741232

1.210156 0.131046 1.227482 -0.563392 -0.466241 0.407646 0.546839
1.204250 0.133141 1.408624 -0.057869 -0.702859 -0.119683 0.698797

1.210441 0.130922 1.227019 -0.609346 -0.429724 0.389294 0.540819
1.203687 0.132932 1.408132 -0.044866 -0.707575 -0.102299 0.697753

1.211726 0.131277 1.226376 -0.585371 -0.459278 0.381654 0.548402
1.204818 0.133398 1.408470 -0.043153 -0.664056 -0.111249 0.738100

1.212117 0.131357 1.226172 -0.580823 -0.465904 0.389543 0.542065
1.205086 0.133988 1.407143 -0.030028 -0.666611 -0.105819 0.737245

1.211084 0.131905 1.226773 -0.547996 -0.464637 0.422915 0.552228
1.204113 0.132324 1.408719 -0.079474 -0.656924 -0.097562 0.743382

1.212334 0.131661 1.225988 -0.569041 -0.460919 0.400315 0.550903
1.205119 0.134632 1.407777 -0.096195 -0.652166 -0.043727 0.750675

1.211483 0.131165 1.226536 -0.552218 -0.467568 0.419424 0.548196
1.204499 0.133450 1.407923 -0.075737 -0.642497 -0.023560 0.762172

1.212556 0.132111 1.226472 -0.574057 -0.468433 0.397880 0.541037
1.204940 0.134663 1.407533 -0.090498 -0.653649 -0.022735 0.751024

1.211837 0.130451 1.226677 -0.572625 -0.461726 0.397941 0.548227
1.204283 0.133937 1.408335 -0.095123 -0.652107 -0.042620 0.750927

1.212415 0.131944 1.225996 -0.581414 -0.463613 0.387328 0.544975
1.205199 0.135561 1.407026 -0.094109 -0.646107 -0.042662 0.756220

1.212129 0.131722 1.226327 -0.550343 -0.474378 0.422943 0.541486
1.204273 0.132960 1.408027 -0.100245 -0.701434 -0.094877 0.699242

1.211590 0.130790 1.226395 -0.573826 -0.454220 0.394875 0.555411
1.204967 0.133566 1.407811 -0.060561 -0.670776 -0.082472 0.734568

1.211290 0.131919 1.226760 -0.541005 -0.465034 0.429807 0.553464
1.206075 0.135242 1.406514 -0.034580 -0.650866 -0.059802 0.756043

1.211555 0.131789 1.226471 -0.580630 -0.432415 0.418936 0.548067
1.205404 0.134153 1.408240 -0.091328 -0.679391 -0.083239 0.723297

1.211520 0.130291 1.227100 -0.538565 -0.469499 0.433175 0.549434
1.204376 0.132854 1.408447 -0.042705 -0.676475 -0.107335 0.727349

1.211479 0.132401 1.226780 -0.589097 -0.459736 0.423923 0.511758
1.203666 0.133221 1.409481 -0.153007 -0.636064 -0.101131 0.749523

1.210898 0.131490 1.226409 -0.586171 -0.443803 0.378215 0.562491
1.205314 0.133574 1.407549 -0.099431 -0.672438 -0.043136 0.732175

1.213245 0.133645 1.226831 0.602460 0.467950 -0.416027 -0.494961
1.204462 0.133362 1.409122 -0.098256 -0.640442 -0.048191 0.760169

1.210183 0.129951 1.227819 -0.578699 -0.434421 0.421121 0.546848
1.203779 0.133281 1.409621 -0.127160 -0.656980 -0.080256 0.738760

1.209798 0.131883 1.226543 -0.614487 -0.407968 0.432204 0.518814
1.203311 0.133907 1.410255 -0.124770 -0.640373 -0.063117 0.755229

1.205092 0.133338 1.225824 -0.563454 -0.440054 0.435425 0.547063
1.199332 0.134515 1.407917 -0.101820 -0.719218 -0.086369 0.681835

1.197680 0.133655 1.225048 -0.581509 -0.439130 0.420380 0.540641
1.190443 0.134679 1.408927 -0.049260 -0.664995 -0.032190 0.744526

1.194467 0.134733 1.225702 -0.592474 -0.429817 0.407210 0.546270
1.187939 0.136580 1.408812 -0.066168 -0.690217 -0.074907 0.716667

1.191212 0.135765 1.225718 -0.550229 -0.441002 0.442030 0.554414
1.184564 0.137057 1.407628 -0.058540 -0.686922 -0.079364 0.720009

1.184723 0.136507 1.224210 -0.551454 -0.455798 0.420878 0.557681
1.176966 0.138081 1.407226 -0.068795 -0.709138 -0.121620 0.691086

1.170903 0.138855 1.225105 -0.530502 -0.466473 0.485517 0.515018
1.165264 0.139976 1.405859 -0.094996 -0.697008 -0.026978 0.710231

1.160050 0.140868 1.223740 0.530037 0.505812 -0.464502 -0.497446
1.153076 0.140608 1.406833 -0.057420 -0.720812 -0.031199 0.690043

1.139389 0.142971 1.221603 -0.509069 -0.481733 0.487762 0.520452
1.133770 0.144254 1.406066 -0.075076 -0.701675 -0.042691 0.707243

1.115935 0.143038 1.222005 -0.014222 -0.703277 0.013614 0.710644
1.111394 0.143222 1.404500 -0.059483 -0.727870 -0.032978 0.682334

1.091508 0.142556 1.220399 0.002163 -0.711334 0.017630 0.702630
1.087542 0.143118 1.403757 -0.024591 -0.714993 0.025146 0.698246

1.044492 0.136932 1.219559 0.079574 -0.712268 0.043602 0.696018
1.039376 0.138125 1.402769 0.046639 -0.696516 0.082640 0.711239

1.028369 0.133793 1.219752 0.080313 -0.706352 0.049308 0.701560
1.024167 0.134684 1.402536 0.554423 -0.443467 -0.454329 0.538086

0.992141 0.123517 1.218571 0.075495 -0.720029 0.101488 0.682319
0.986769 0.124617 1.401331 0.556159 -0.442834 -0.402786 0.576497

0.965861 0.113897 1.218624 0.102955 -0.716552 0.134828 0.676591
0.961094 0.114815 1.400740 0.574715 -0.413585 -0.372446 0.599945

0.942933 0.103307 1.218245 0.129736 -0.702714 0.171587 0.678173
0.938258 0.104753 1.400176 0.603225 -0.408388 -0.335077 0.597547

0.931996 0.097499 1.218295 0.172280 -0.706268 0.150352 0.670000
0.926425 0.099262 1.399933 0.589543 -0.379196 -0.374326 0.607067

0.916240 0.089826 1.218334 0.201742 -0.690861 0.157711 0.676120
0.911115 0.090616 1.400248 0.599743 -0.365793 -0.358707 0.614681

0.896584 0.078061 1.218387 0.197132 -0.691526 0.205324 0.663907
0.890898 0.078899 1.399636 0.581861 -0.380015 -0.311044 0.648289

0.883223 0.068140 1.217700 0.234046 -0.685517 0.194987 0.661263
0.877736 0.069253 1.399319 0.619111 -0.312790 -0.339376 0.635364

0.865471 0.054853 1.217731 0.225229 -0.688509 0.249093 0.642791
0.859600 0.055625 1.399091 0.646937 -0.293832 -0.288049 0.641999

0.849085 0.041891 1.218244 0.258258 -0.665438 0.254392 0.652518
0.844192 0.042322 1.398954 0.662780 -0.257613 -0.270786 0.648871

0.839102 0.032302 1.218556 0.283020 -0.663394 0.277426 0.634699
0.834123 0.032621 1.398923 0.684593 -0.260249 -0.264243 0.627518

0.830185 0.025147 1.218628 0.243732 -0.677349 0.333055 0.608989
0.825637 0.024879 1.398956 0.685546 -0.243973 -0.256587 0.636135

0.824857 0.018739 1.218622 0.275270 -0.647354 0.358894 0.613477
0.819237 0.019066 1.398359 0.265512 -0.681135 0.342829 0.589938

0.818054 0.016391 1.220451 0.305819 -0.646574 0.318426 0.622110
0.813518 0.015631 1.399162 0.227652 -0.682959 0.399939 0.567266

0.822911 0.025463 1.222322 0.297618 -0.656531 0.296523 0.626470
0.817671 0.024464 1.400547 0.248108 -0.693674 0.350948 0.578008

0.837078 0.039559 1.221885 0.216950 -0.693120 0.309448 0.613807
0.830172 0.039394 1.400841 0.281549 -0.675116 0.277304 0.622937

0.854476 0.055419 1.222387 0.246070 -0.676500 0.234908 0.653158
0.847119 0.054880 1.401035 0.236975 -0.670811 0.280708 0.644250

0.876749 0.071214 1.221866 0.221741 -0.694421 0.206646 0.652616
0.868127 0.071156 1.401295 0.242626 -0.665500 0.214654 0.672433

0.894756 0.083578 1.222525 0.153509 -0.704119 0.222545 0.656601
0.887042 0.083825 1.401664 0.159651 -0.672615 0.218569 0.688714

0.929247 0.102143 1.221880 0.128424 -0.713705 0.188709 0.662210
0.921392 0.102186 1.402271 0.151957 -0.701498 0.202398 0.666217

0.951424 0.112686 1.222232 0.138828 -0.709319 0.129790 0.678784
0.944044 0.112820 1.402281 0.183700 -0.711508 0.117573 0.667973

0.967026 0.118761 1.222567 0.120151 -0.705587 0.106736 0.690158
0.960004 0.118612 1.403237 0.140580 -0.706263 0.111344 0.684860

0.992768 0.126506 1.222749 0.096776 -0.716003 0.076159 0.687149
0.984853 0.126781 1.403061 0.077135 -0.719190 0.124853 0.679137

1.025455 0.135269 1.223495 0.084960 -0.713638 0.053804 0.693259
1.017937 0.135404 1.404534 0.394108 0.596644 -0.534805 -0.450199

1.048746 0.137622 1.224167 0.062142 -0.699077 0.032020 0.711621
1.040990 0.140388 1.406360 0.064659 -0.673783 0.036544 0.735188

1.065848 0.141532 1.224181 0.011247 -0.704898 0.044137 0.707844
1.060086 0.140648 1.406025 0.513462 0.524785 -0.482746 -0.477404

1.082430 0.142725 1.224207 0.038402 -0.709048 0.004434 0.704100
1.074891 0.142820 1.406218 -0.485845 -0.508993 0.510870 0.493854

1.099342 0.143687 1.225981 -0.497693 -0.475706 0.499509 0.525829
1.091643 0.143600 1.406009 0.511765 0.515031 -0.484639 -0.487817

1.122391 0.142005 1.225946 0.526117 0.493682 -0.497328 -0.481813
1.114973 0.142477 1.407894 -0.548680 -0.476184 0.463495 0.507318

1.155542 0.138630 1.226279 -0.562536 -0.441475 0.487371 0.501121
1.145419 0.139687 1.407700 -0.571497 -0.445549 0.433392 0.535769

1.182335 0.135168 1.226778 -0.573358 -0.436387 0.474966 0.505207
1.172616 0.136883 1.408056 -0.563524 -0.458844 0.448268 0.520537

1.197094 0.133271 1.227004 -0.585423 -0.426392 0.413703 0.551653
1.189501 0.133905 1.409498 -0.101777 -0.663957 -0.000217 0.740812

1.208386 0.131150 1.227447 -0.608245 -0.404481 0.436569 0.525206
1.200103 0.133057 1.409505 -0.076867 -0.698436 -0.144785 0.696646

1.209918 0.130856 1.227185 -0.593129 -0.436399 0.407573 0.540036
1.203001 0.132420 1.408974 -0.124949 -0.658078 -0.078702 0.738327

1.211629 0.131740 1.226807 -0.575686 -0.451986 0.431112 0.527671
1.203297 0.133270 1.407312 -0.084846 -0.705109 -0.151245 0.687566

1.210146 0.132469 1.227447 -0.590722 -0.427861 0.408408 0.548803
1.202848 0.132666 1.408355 -0.070193 -0.694429 -0.137486 0.702808

1.210180 0.131609 1.226576 -0.587618 -0.428000 0.411152 0.549978
1.204470 0.132205 1.408764 -0.032811 -0.661956 -0.111440 0.740486

1.209890 0.130168 1.227454 -0.576495 -0.427085 0.420124 0.555651
1.204972 0.132732 1.408755 -0.041840 -0.681625 -0.119444 0.720674

1.212016 0.132130 1.227009 -0.608820 -0.434039 0.394506 0.534148
1.204514 0.133067 1.408558 -0.125435 -0.652458 -0.016987 0.747178

1.209846 0.130465 1.227361 -0.596858 -0.426136 0.402251 0.548053
1.204828 0.131900 1.408989 -0.057091 -0.667813 -0.069809 0.738845

1.211615 0.131526 1.226488 -0.612277 -0.401951 0.412346 0.541778
1.202687 0.132126 1.408163 -0.068806 -0.701719 -0.133332 0.696476

1.211106 0.130318 1.226895 -0.623677 -0.386997 0.424985 0.529763
1.203415 0.133330 1.407219 -0.100973 -0.698968 -0.090392 0.702195

1.211128 0.132446 1.227418 -0.562382 -0.447267 0.404247 0.565917
1.203964 0.133032 1.408499 -0.121040 -0.637944 -0.016696 0.760327

1.210620 0.130548 1.226471 -0.595586 -0.445054 0.365763 0.559841
1.204917 0.133611 1.407525 -0.065387 -0.671814 -0.076428 0.733859

1.210962 0.131012 1.226912 -0.600359 -0.449339 0.361003 0.554383
1.203843 0.132684 1.408235 -0.114236 -0.689989 -0.042231 0.713500

1.210637 0.132369 1.228901 -0.550067 -0.427394 0.412310 0.587164
1.203714 0.132701 1.407756 -0.123916 -0.699598 -0.119694 0.693455

1.211302 0.131693 1.226465 -0.605429 -0.420687 0.392062 0.550242
1.203940 0.132776 1.408682 -0.082048 -0.683391 -0.156355 0.708378

1.212182 0.130724 1.225914 -0.608954 -0.433184 0.393995 0.535065
1.204373 0.132725 1.407906 -0.072752 -0.656615 -0.062080 0.748137

1.211316 0.131548 1.226265 -0.562657 -0.441998 0.402555 0.570968
1.204907 0.133198 1.408380 -0.142569 -0.687492 -0.080513 0.707493

1.211866 0.131955 1.225954 -0.570554 -0.446466 0.395108 0.564823
1.204115 0.133278 1.407534 -0.068126 -0.655828 -0.092833 0.746077

1.211401 0.132600 1.226590 -0.597044 -0.418876 0.398963 0.555796
1.203708 0.132636 1.408594 -0.106400 -0.671316 -0.125135 0.722741

1.210822 0.131895 1.226700 -0.567527 -0.449344 0.399101 0.562780
1.203523 0.133097 1.408521 -0.132842 -0.681654 -0.057502 0.717212

1.211041 0.131358 1.226802 -0.601537 -0.425356 0.397688 0.546873
1.203916 0.132917 1.408809 -0.159353 -0.633763 -0.043154 0.755704

1.211250 0.130470 1.226783 -0.603309 -0.430561 0.398049 0.540549
1.203721 0.132466 1.408153 -0.136087 -0.658391 -0.085112 0.735362

1.211182 0.131368 1.227226 -0.615402 -0.422131 0.382895 0.544496
1.204565 0.132738 1.408962 -0.107466 -0.670845 -0.036332 0.732870

1.211512 0.131756 1.226827 -0.554146 -0.459336 0.371509 0.586442
1.204211 0.132258 1.408269 -0.040218 -0.668680 -0.105920 0.734868

1.210998 0.131652 1.227034 -0.544207 -0.460168 0.425718 0.557538
1.203650 0.132799 1.408248 -0.115762 -0.677915 -0.117361 0.716420

1.212186 0.131746 1.226480 -0.616765 -0.434397 0.387131 0.530122
1.204769 0.133006 1.408468 -0.052651 -0.655676 -0.077463 0.749211

1.212159 0.131115 1.225543 -0.572267 -0.441383 0.393778 0.568005
1.204456 0.132660 1.408479 -0.051125 -0.664158 -0.122333 0.735741

1.211514 0.131626 1.226732 -0.576394 -0.465019 0.393322 0.544817
1.203628 0.132948 1.408409 -0.151279 -0.669865 -0.094314 0.720764

1.210562 0.131189 1.226526 -0.584810 -0.435047 0.416557 0.543334
1.204014 0.132374 1.408148 -0.055750 -0.695527 -0.119175 0.706351

1.211529 0.132005 1.227442 -0.555583 -0.467138 0.415929 0.547826
1.203841 0.133208 1.408158 -0.097813 -0.711662 -0.088053 0.690085

1.210605 0.131645 1.226915 -0.599576 -0.424618 0.399149 0.548533
1.204795 0.132799 1.408053 -0.096395 -0.687719 -0.087792 0.714173

1.211472 0.132151 1.226251 -0.598496 -0.442141 0.407536 0.529365
1.205037 0.134132 1.407481 -0.031034 -0.664726 -0.093928 0.740509

1.211170 0.131706 1.228179 -0.572583 -0.444698 0.392444 0.566022
1.203463 0.132318 1.408115 -0.113069 -0.676236 -0.129579 0.716330

