points: 2
frames: 193
1.210740 0.130193 1.226264 -0.588327 -0.453569 0.377694 0.552714
1.205119 0.134783 1.408331 -0.042065 -0.669410 -0.108350 0.733745

1.210726 0.131656 1.226055 -0.619206 -0.407752 0.405333 0.534816
1.205901 0.136053 1.407366 -0.042022 -0.659103 -0.111030 0.742623

1.210590 0.130459 1.226654 -0.602493 -0.436505 0.398749 0.536157
1.203680 0.132445 1.408220 -0.147641 -0.677510 -0.159403 0.702689

1.209902 0.129708 1.225617 -0.634903 -0.380636 0.423925 0.521825
1.204047 0.133661 1.408734 -0.093198 -0.702052 -0.162328 0.687086

1.209851 0.129918 1.226337 -0.633583 -0.387575 0.428693 0.514373
1.204377 0.134504 1.407948 -0.069527 -0.643354 -0.059357 0.760091

1.209429 0.130295 1.226227 -0.632719 -0.387726 0.429500 0.514650
1.204436 0.134091 1.409311 -0.081696 -0.681029 -0.156884 0.710572

1.211091 0.131439 1.225303 -0.595592 -0.474408 0.318070 0.564835
1.204701 0.132497 1.408366 -0.113425 -0.680719 -0.195451 0.696818

1.210250 0.129796 1.225922 -0.602160 -0.430108 0.396477 0.543337
1.205019 0.133272 1.408527 -0.080048 -0.691011 -0.151004 0.702349

1.209996 0.131112 1.225969 -0.615324 -0.401353 0.421981 0.531248
1.204661 0.133545 1.408609 -0.088515 -0.665366 -0.192870 0.715719

1.209780 0.129684 1.226325 -0.626889 -0.380764 0.430722 0.525840
1.204565 0.133509 1.407630 -0.088477 -0.698541 -0.158225 0.692226

1.209670 0.130893 1.226615 -0.628160 -0.383211 0.430938 0.522357
1.203955 0.132683 1.408462 -0.068555 -0.715856 -0.128571 0.682876

1.209672 0.129082 1.225905 -0.620772 -0.388410 0.393556 0.555782
1.204232 0.132841 1.408523 -0.077229 -0.712955 -0.139657 0.682808

1.210483 0.130841 1.226141 -0.647031 -0.399510 0.377009 0.528779
1.204740 0.132814 1.408347 -0.097062 -0.693038 -0.098235 0.707550

1.210441 0.130384 1.225943 -0.637115 -0.380863 0.422146 0.520404
1.204558 0.134352 1.409300 -0.124035 -0.684734 -0.121854 0.707747

1.210016 0.130279 1.227086 -0.612935 -0.413314 0.428489 0.519499
1.204685 0.133746 1.408034 -0.063368 -0.695546 -0.128789 0.703998

1.210805 0.131451 1.226201 -0.654982 -0.376136 0.403572 0.516381
1.206221 0.135482 1.407218 -0.021355 -0.665605 -0.079951 0.741702

1.210513 0.130521 1.226914 -0.638252 -0.382307 0.421923 0.518128
1.206161 0.135527 1.407849 -0.025651 -0.671376 -0.084963 0.735784

1.210395 0.130793 1.227181 -0.631264 -0.403941 0.393322 0.532573
1.206263 0.135737 1.407266 -0.041497 -0.667072 -0.064563 0.741029

1.209870 0.129964 1.225806 -0.632170 -0.383527 0.427755 0.519897
1.206089 0.135249 1.407806 -0.070869 -0.656212 -0.046338 0.749811

1.210656 0.130725 1.225789 -0.633277 -0.391900 0.384897 0.545187
1.204597 0.133521 1.408013 -0.075742 -0.695909 -0.143935 0.699469

1.209443 0.129006 1.226107 -0.634788 -0.382730 0.425120 0.519456
1.204620 0.133643 1.408500 -0.088443 -0.697986 -0.158404 0.692749

1.209964 0.130338 1.226205 -0.651892 -0.375073 0.405884 0.519244
1.204447 0.132797 1.408499 -0.096183 -0.673162 -0.178246 0.711217

1.209170 0.128965 1.227694 -0.652740 -0.374536 0.404820 0.519398
1.204537 0.133212 1.408271 -0.115028 -0.694071 -0.109847 0.702117

1.210139 0.131464 1.225378 -0.642988 -0.391810 0.388967 0.530807
1.204308 0.133568 1.408069 -0.110410 -0.699384 -0.102585 0.698676

1.209332 0.129725 1.226252 -0.601957 -0.418137 0.391915 0.556069
1.204149 0.132917 1.408219 -0.074275 -0.714423 -0.135709 0.682397

1.209973 0.129348 1.226277 -0.578023 -0.441932 0.387417 0.566121
1.203340 0.133125 1.409010 -0.086599 -0.686108 -0.160932 0.704171

1.210804 0.130110 1.226609 -0.589827 -0.427953 0.407268 0.550539
1.204985 0.132966 1.408973 -0.103770 -0.680590 -0.184102 0.701524

1.210753 0.130854 1.226192 -0.627340 -0.420260 0.366612 0.543527
1.204344 0.133839 1.407836 -0.132588 -0.699674 -0.130592 0.689799

1.210792 0.130861 1.225043 -0.646163 -0.402315 0.379426 0.525978
1.204605 0.134221 1.408199 -0.098356 -0.698348 -0.169840 0.688324

1.210383 0.130377 1.227142 -0.585520 -0.426359 0.410586 0.553898
1.204313 0.132992 1.408546 -0.089796 -0.699877 -0.159235 0.690473

1.210240 0.130233 1.226768 -0.581241 -0.425543 0.414120 0.556396
1.204273 0.133488 1.407863 -0.116936 -0.706360 -0.108385 0.689662

1.210375 0.129951 1.227496 -0.600031 -0.425648 0.429780 0.523523
1.204708 0.132602 1.408203 -0.072355 -0.701414 -0.137879 0.695538

1.210925 0.131622 1.225859 -0.627809 -0.421352 0.366562 0.542172
1.204125 0.133184 1.408045 -0.096953 -0.696831 -0.168858 0.690299

1.210803 0.129621 1.227058 -0.596052 -0.415655 0.427158 0.538042
1.204575 0.134823 1.407570 -0.138911 -0.701357 -0.137666 0.685456

1.211343 0.132719 1.225214 -0.661741 -0.371887 0.394853 0.517581
1.205550 0.133614 1.406372 -0.065912 -0.754006 -0.183555 0.627247

1.210251 0.131647 1.225563 -0.621143 -0.419864 0.373097 0.546529
1.204561 0.133095 1.408061 -0.072762 -0.706587 -0.136595 0.690494

1.210674 0.130243 1.226059 0.617628 0.433157 -0.431317 -0.494850
1.204130 0.133376 1.407101 -0.092784 -0.711481 -0.158030 0.678389

1.210725 0.131158 1.226008 -0.625178 -0.422810 0.370022 0.541728
1.205007 0.133982 1.408257 -0.070660 -0.707528 -0.133773 0.690302

1.209535 0.130013 1.225904 -0.621767 -0.391306 0.394292 0.552104
1.205713 0.134398 1.408333 -0.050477 -0.678434 -0.062388 0.730266

1.209958 0.130547 1.226201 -0.621509 -0.402945 0.416310 0.527302
1.204539 0.133938 1.409088 -0.083765 -0.688804 -0.156393 0.702904

1.210838 0.129198 1.225957 -0.568205 -0.440088 0.398267 0.569956
1.204170 0.132413 1.408546 -0.134373 -0.669925 -0.081190 0.725640

1.211504 0.129628 1.225355 -0.604254 -0.396611 0.430888 0.540289
1.203814 0.131249 1.408704 -0.149199 -0.659935 -0.092136 0.730573

1.210330 0.129491 1.227374 -0.623494 -0.402168 0.421278 0.521576
1.203274 0.132046 1.409448 -0.149055 -0.633643 -0.036250 0.758265

1.211104 0.130139 1.226140 -0.620726 -0.398082 0.422311 0.527146
1.202965 0.131633 1.409112 -0.149902 -0.644935 -0.034220 0.748610

1.210756 0.130501 1.226272 -0.610683 -0.402665 0.427052 0.531558
1.203707 0.131842 1.408606 -0.158518 -0.667044 -0.034332 0.727149

1.210191 0.129800 1.226995 -0.643910 -0.384599 0.428212 0.504081
1.202431 0.131879 1.409335 -0.165874 -0.633266 -0.005627 0.755929

1.210315 0.130835 1.227306 -0.608053 -0.416594 0.387791 0.553479
1.204227 0.133179 1.408183 -0.088553 -0.683710 -0.093588 0.718290

1.209517 0.129411 1.228916 -0.520241 -0.441987 0.486742 0.545050
1.205367 0.134676 1.407373 -0.078632 -0.687000 -0.095837 0.716005

1.211277 0.131063 1.226016 -0.642544 -0.399430 0.381025 0.531425
1.204939 0.132352 1.409289 -0.082359 -0.679431 -0.101009 0.722072

1.209749 0.130690 1.226634 -0.602309 -0.417733 0.393663 0.554755
1.204169 0.133010 1.408552 -0.155868 -0.678292 -0.030054 0.717441

1.207146 0.131247 1.227117 -0.566947 -0.426356 0.427948 0.560047
1.200491 0.134074 1.409652 -0.162778 -0.635949 -0.101006 0.747576

1.197780 0.134573 1.226025 -0.620215 -0.400284 0.402118 0.541671
1.190647 0.135566 1.409010 -0.039091 -0.685583 -0.052489 0.725046

1.198319 0.133796 1.226216 -0.580760 -0.438515 0.422499 0.540293
1.190422 0.134575 1.409168 -0.068275 -0.661622 0.020515 0.746441

1.196734 0.134593 1.226380 -0.596146 -0.408234 0.424730 0.545490
1.190008 0.134038 1.408614 -0.071769 -0.664245 0.018535 0.743830

1.189175 0.135792 1.225279 -0.538246 -0.439995 0.451466 0.559351
1.182028 0.136548 1.407626 -0.058547 -0.730518 -0.116138 0.670394

1.185710 0.135083 1.224618 -0.566431 -0.444949 0.436850 0.538830
1.177361 0.136287 1.408249 -0.053970 -0.727790 -0.074218 0.679632

1.177698 0.138324 1.225216 -0.521977 -0.506888 0.421583 0.541177
1.169497 0.138740 1.407846 -0.090334 -0.664869 0.007046 0.741444

1.165473 0.138876 1.407231 -0.051540 -0.702646 -0.061993 0.706958
1.172238 0.137921 1.225233 -0.527179 -0.482709 0.444038 0.540282

1.161932 0.139216 1.407666 -0.025871 -0.724223 -0.116077 0.679233
1.169257 0.138409 1.224668 -0.562537 -0.440875 0.455223 0.530993

1.155988 0.140716 1.407487 -0.086944 -0.728739 -0.025768 0.678761
1.162823 0.139630 1.224853 -0.537885 -0.476819 0.455557 0.525159

1.153652 0.140695 1.408627 -0.097912 -0.706538 0.007830 0.700825
1.161824 0.138769 1.224174 -0.519472 -0.506262 0.429449 0.537979

1.139342 0.142374 1.406956 -0.054943 -0.714927 -0.074163 0.693080
1.145340 0.140779 1.225520 0.514534 0.503396 -0.481766 -0.499749

1.129543 0.142001 1.406452 -0.108230 -0.695471 0.000554 0.710356
1.135006 0.141426 1.224299 -0.480883 -0.514872 0.471512 0.530410

1.111502 0.143076 1.406728 -0.005442 -0.728560 -0.052831 0.682920
1.117327 0.142528 1.223568 -0.506363 -0.501074 0.490436 0.501989

1.103850 0.142324 1.223774 0.512486 0.509229 -0.483913 -0.493835
1.098069 0.143053 1.405855 -0.030817 -0.721531 0.025731 0.691218

1.098467 0.143356 1.225945 -0.461280 -0.479514 0.533583 0.522088
1.093591 0.143699 1.405184 0.000536 -0.716382 0.032509 0.696950

1.091910 0.142202 1.222801 -0.000205 -0.718460 0.014201 0.695423
1.086478 0.142236 1.404639 -0.018028 -0.695551 0.030563 0.717600

1.089685 0.142242 1.224225 -0.508293 -0.504614 0.513655 0.472400
1.085056 0.142525 1.404878 -0.016939 -0.697386 0.035350 0.715623

1.089002 0.142288 1.223392 0.510328 0.525415 -0.486070 -0.476698
1.082908 0.142280 1.404532 -0.032272 -0.710184 0.023969 0.702867

1.085688 0.141648 1.222798 0.008277 -0.726594 0.027831 0.686453
1.079802 0.141810 1.405008 -0.026499 -0.726917 0.023661 0.685805

1.069943 0.140608 1.222739 0.039949 -0.732347 0.005897 0.679734
1.063790 0.140399 1.404927 0.020174 -0.729606 -0.000971 0.683569

1.052054 0.139228 1.222131 0.078136 -0.708556 0.042444 0.700030
1.046502 0.138915 1.403542 0.033624 -0.720309 0.067155 0.689575

1.032506 0.135591 1.221589 0.087408 -0.719106 0.046457 0.687814
1.026896 0.135793 1.403564 0.086252 -0.721576 0.051764 0.684988

1.011227 0.130602 1.220551 0.099848 -0.713037 0.067021 0.690737
1.005668 0.131440 1.402384 0.561171 -0.453096 -0.418446 0.551991

0.996825 0.126350 1.220212 0.089754 -0.717615 0.107991 0.682137
0.991180 0.126882 1.402569 0.553083 -0.477902 -0.394185 0.557070

0.978177 0.120338 1.220509 0.110359 -0.704788 0.109210 0.692219
0.972752 0.121534 1.402167 0.128587 -0.692506 0.135961 0.696718

0.968089 0.117361 1.220118 0.137051 -0.698985 0.103359 0.694229
0.962977 0.117641 1.401769 0.606973 -0.412292 -0.367308 0.571563

0.962934 0.114172 1.219854 0.111973 -0.718241 0.143763 0.671508
0.957311 0.115117 1.401618 0.568532 -0.433523 -0.383927 0.584319

0.956161 0.111851 1.220489 0.127386 -0.713716 0.121227 0.678001
0.950836 0.112993 1.401450 0.607828 -0.365854 -0.399863 0.580350

0.954617 0.111199 1.219963 0.116041 -0.718686 0.143058 0.670492
0.948359 0.111355 1.401390 0.572309 -0.418771 -0.376774 0.595932

0.956140 0.112219 1.220562 0.136349 -0.711225 0.119200 0.679235
0.949920 0.112985 1.401490 0.609175 -0.375675 -0.393622 0.576919

0.960424 0.113114 1.220123 0.124170 -0.707217 0.121660 0.685292
0.953988 0.113995 1.401340 0.586085 -0.403787 -0.368086 0.598309

0.966563 0.116835 1.220653 0.109540 -0.710592 0.124009 0.683873
0.960248 0.118020 1.401879 0.590654 -0.393836 -0.418175 0.566701

0.979010 0.121677 1.220495 0.086137 -0.721970 0.121405 0.675722
0.971496 0.122106 1.401354 0.579375 -0.418442 -0.384454 0.584317

0.989978 0.125057 1.220684 0.086919 -0.719769 0.114207 0.679216
0.983160 0.125748 1.401467 0.565348 -0.436505 -0.387433 0.582873

1.004085 0.128574 1.221765 0.078142 -0.707740 0.106230 0.694056
0.996555 0.129974 1.402382 0.595282 -0.441482 -0.408795 0.532559

1.020734 0.132695 1.221500 0.063967 -0.709959 0.086217 0.696012
1.013801 0.133649 1.403234 0.104340 -0.710865 0.060036 0.692950

1.040393 0.136893 1.221325 0.075428 -0.725392 0.045746 0.682659
1.033026 0.139167 1.403456 0.108385 -0.713986 0.062738 0.688869

1.052178 0.139589 1.221779 0.026702 -0.717787 0.055177 0.693559
1.045204 0.140342 1.403973 0.543075 -0.477369 -0.456356 0.518582

1.060188 0.139939 1.222054 0.054548 -0.685420 0.025361 0.725659
1.053816 0.141171 1.404300 0.048195 -0.691583 0.021584 0.720364

1.068203 0.140397 1.222752 0.047201 -0.721310 0.013962 0.690861
1.061347 0.141107 1.405749 0.017832 -0.736024 0.041753 0.675431

1.076384 0.142111 1.223270 0.051656 -0.713813 0.013893 0.698291
1.070075 0.142286 1.405062 0.513811 -0.485770 -0.488880 0.510904

1.084261 0.142454 1.223257 0.042965 -0.717494 0.000878 0.695237
1.077760 0.141797 1.406221 -0.020506 -0.731557 0.028040 0.680895

1.092221 0.144518 1.220883 0.528753 0.501646 -0.495077 -0.472938
1.087051 0.142511 1.406119 0.004074 -0.705837 -0.018923 0.708110

1.104301 0.143303 1.223576 0.523239 0.499660 -0.515496 -0.459157
1.096807 0.143674 1.405068 -0.011848 -0.745749 0.018102 0.665875

1.119457 0.142463 1.222801 0.535859 0.504445 -0.490497 -0.466694
1.112329 0.143416 1.406697 -0.030758 -0.721592 -0.045554 0.690133

1.134050 0.141006 1.224598 -0.487491 -0.496974 0.483461 0.530693
1.127494 0.142626 1.405716 -0.037392 -0.722820 -0.050095 0.688203

1.143988 0.141097 1.224929 -0.536958 -0.464395 0.487968 0.507839
1.136750 0.141859 1.407264 -0.027484 -0.706749 -0.016691 0.706733

1.155499 0.140463 1.225176 -0.527963 -0.474448 0.467133 0.527200
1.147374 0.140807 1.407256 -0.101087 -0.715576 -0.029762 0.690541

1.169357 0.138150 1.226190 -0.540871 -0.468454 0.434889 0.546700
1.161449 0.139185 1.407661 -0.022481 -0.737059 -0.107013 0.666924

1.179536 0.137355 1.224803 -0.518617 -0.523982 0.374963 0.562034
1.171153 0.138765 1.408665 -0.008820 -0.694919 -0.063440 0.716230

1.184220 0.136283 1.408255 -0.048461 -0.700800 -0.073868 0.707866
1.191933 0.135265 1.225754 -0.589888 -0.432738 0.403843 0.549255

1.198717 0.133425 1.225767 -0.601927 -0.427887 0.436892 0.513539
1.190671 0.133731 1.409317 -0.094810 -0.666410 0.004457 0.739519

1.199751 0.133426 1.226922 -0.584854 -0.412062 0.454835 0.530353
1.192774 0.134431 1.408652 -0.127851 -0.680364 -0.013270 0.721515

1.200205 0.134320 1.226012 -0.592824 -0.409073 0.431455 0.543199
1.191384 0.134017 1.409662 -0.092457 -0.663163 0.005522 0.742722

1.198950 0.134101 1.226931 -0.563645 -0.484442 0.412795 0.526518
1.191078 0.134224 1.408794 -0.133207 -0.678128 -0.016846 0.722575

1.196238 0.135335 1.225079 -0.611096 -0.417057 0.412294 0.531638
1.188908 0.134000 1.409154 -0.034106 -0.681523 -0.097140 0.724518

1.188102 0.135378 1.225873 -0.536082 -0.441078 0.453509 0.558924
1.180924 0.136142 1.407233 -0.053507 -0.710629 -0.115808 0.691904

1.172336 0.137786 1.225512 -0.534179 -0.470397 0.434941 0.551548
1.165261 0.138590 1.407450 -0.107109 -0.691779 -0.038010 0.713109

1.160954 0.138621 1.224679 -0.530085 -0.508997 0.416726 0.535044
1.153296 0.139976 1.408264 -0.051579 -0.710968 0.010345 0.701254

1.148508 0.140996 1.222626 -0.490048 -0.500059 0.457230 0.548393
1.141878 0.142576 1.405548 -0.082568 -0.736721 -0.054396 0.668928

1.133434 0.141833 1.222576 -0.499440 -0.489805 0.472340 0.536233
1.128289 0.143282 1.405991 -0.029726 -0.716513 -0.044655 0.695508

1.117784 0.141595 1.221803 0.515478 0.507740 -0.480711 -0.495378
1.111717 0.143043 1.405923 -0.045125 -0.717144 -0.053835 0.693376

1.100399 0.143023 1.221391 0.029255 -0.717705 0.002648 0.695727
1.094909 0.143153 1.404305 0.011991 -0.743552 -0.011928 0.668464

1.088800 0.142054 1.221669 0.009697 -0.721654 0.027045 0.691657
1.083437 0.142613 1.404330 -0.015118 -0.699388 0.036693 0.713640

1.071272 0.139923 1.221785 0.022136 -0.735261 0.041513 0.676149
1.065432 0.140837 1.404627 0.035228 -0.720799 -0.000542 0.692248

1.051917 0.138997 1.222432 0.069520 -0.715314 0.035258 0.694441
1.046200 0.137828 1.403632 0.012901 -0.738948 0.033789 0.672791

1.042769 0.137146 1.220309 0.072027 -0.720924 0.039072 0.688153
1.037528 0.137347 1.402524 0.069391 -0.714177 0.035028 0.695636

1.019552 0.131962 1.219106 0.082947 -0.715938 0.055320 0.691008
1.014401 0.132919 1.402489 0.559545 -0.430733 -0.446197 0.549806

0.995837 0.124610 1.218471 0.113309 -0.718320 0.077076 0.682082
0.990550 0.126054 1.401273 0.563105 -0.419468 -0.441181 0.558855

0.975419 0.117656 1.218619 0.104559 -0.708398 0.108748 0.689503
0.970071 0.118927 1.401611 0.576129 -0.432010 -0.377705 0.582050

0.971006 0.116111 1.218853 0.132378 -0.710910 0.097919 0.683736
0.964638 0.117228 1.400910 0.103180 -0.709122 0.130787 0.685123

0.948883 0.106843 1.218323 0.131397 -0.704164 0.151364 0.681159
0.942327 0.107701 1.400499 0.602891 -0.385926 -0.368472 0.593137

0.942369 0.103552 1.218586 0.131103 -0.710126 0.169614 0.670644
0.937042 0.104757 1.400105 0.592058 -0.416741 -0.352055 0.593171

0.933735 0.100264 1.219302 0.160406 -0.712654 0.141201 0.668174
0.928423 0.101026 1.400463 0.593247 -0.390486 -0.375449 0.595497

0.924619 0.095418 1.219049 0.173469 -0.716056 0.156044 0.657893
0.919026 0.096509 1.400550 0.597247 -0.357355 -0.408483 0.590538

0.914220 0.090053 1.219610 0.208831 -0.689644 0.168979 0.672478
0.907873 0.091318 1.400521 0.622260 -0.346464 -0.380756 0.589729

0.915552 0.092877 1.220406 0.157394 -0.704168 0.209674 0.659857
0.908655 0.093402 1.400833 0.598257 -0.373038 -0.377531 0.600335

0.919847 0.095985 1.220949 0.171142 -0.704196 0.169936 0.667787
0.912869 0.096274 1.401142 0.591859 -0.373080 -0.374565 0.608453

0.923498 0.097192 1.220758 0.149508 -0.716712 0.187224 0.654919
0.916123 0.098329 1.400770 0.604559 -0.344548 -0.404963 0.593127

0.939244 0.106567 1.221588 0.172817 -0.707836 0.128929 0.672666
0.931707 0.107229 1.401908 0.612315 -0.387139 -0.355014 0.590897

0.957368 0.114567 1.222109 0.124290 -0.711157 0.105230 0.683911
0.949914 0.114610 1.402308 0.599472 -0.396956 -0.359101 0.595068

0.972740 0.120612 1.222288 0.098525 -0.721280 0.126931 0.673748
0.965059 0.120857 1.402414 0.576520 -0.430244 -0.393424 0.572479

0.977943 0.122180 1.221896 0.108226 -0.713452 0.101923 0.684751
0.970555 0.122949 1.403012 0.588353 -0.432133 -0.381624 0.566979

1.006590 0.130188 1.222432 0.087657 -0.729335 0.053940 0.676370
0.999342 0.130800 1.402972 0.093364 -0.708818 0.134372 0.686152

1.021421 0.134122 1.222665 0.085317 -0.720319 0.050238 0.686540
1.014797 0.134018 1.403456 0.560063 -0.468945 -0.378887 0.568212

1.036344 0.137393 1.222052 0.048045 -0.716315 0.075810 0.691981
1.029646 0.138295 1.403891 0.589186 -0.450992 -0.423521 0.519708

1.044057 0.138421 1.221512 0.035406 -0.709126 0.064142 0.701265
1.036537 0.138414 1.404616 0.044078 -0.703371 0.082880 0.704598

1.061446 0.140254 1.222600 -0.000861 -0.688299 0.044459 0.724063
1.054389 0.141083 1.404505 0.528594 -0.467131 -0.472835 0.528020

1.068134 0.141115 1.223436 0.024449 -0.727281 0.056058 0.683610
1.061939 0.141211 1.405718 0.017500 -0.744871 0.040278 0.665762

1.076094 0.142690 1.224316 0.054163 -0.716054 0.017367 0.695724
1.069747 0.142600 1.405715 0.517067 -0.481961 -0.485432 0.514501

1.091491 0.143161 1.222511 0.474789 0.540084 -0.494802 -0.487909
1.085927 0.142776 1.405909 0.486199 -0.502952 -0.508130 0.502448

1.106100 0.142228 1.224146 -0.019948 -0.715409 0.025357 0.697960
1.098745 0.143234 1.404999 0.016562 -0.726977 -0.008160 0.686414

1.132083 0.140703 1.225013 -0.483469 -0.491998 0.485900 0.536747
1.124314 0.142447 1.406388 -0.021643 -0.736171 -0.069200 0.672901

1.145248 0.140668 1.225706 -0.514222 -0.500210 0.482128 0.502909
1.137200 0.141406 1.407184 -0.082162 -0.705081 0.016233 0.704164

1.153795 0.140739 1.226604 -0.554885 -0.447940 0.490648 0.500717
1.145423 0.140731 1.407680 -0.115506 -0.714159 -0.041674 0.689129

1.171195 0.137613 1.226472 -0.525601 -0.477935 0.444717 0.545480
1.162838 0.138126 1.407732 -0.078612 -0.720370 -0.049947 0.687308

1.181209 0.135983 1.226107 -0.550739 -0.480403 0.427171 0.532376
1.172115 0.137792 1.407422 -0.095751 -0.708845 -0.086300 0.693486

1.190199 0.134975 1.226792 -0.565516 -0.437590 0.427936 0.552790
1.182092 0.136507 1.409128 -0.059433 -0.710786 -0.123102 0.689997

1.196037 0.133395 1.226642 -0.595984 -0.414525 0.432615 0.534619
1.189270 0.133542 1.410936 -0.069447 -0.646316 0.018619 0.759675

1.210112 0.129436 1.226118 -0.616807 -0.376002 0.436467 0.536347
1.204002 0.132611 1.408555 -0.141105 -0.662767 -0.086828 0.730267

1.210110 0.129336 1.226383 -0.609591 -0.411330 0.381630 0.559968
1.204528 0.132481 1.408936 -0.153023 -0.650228 -0.097074 0.737811

1.210105 0.131015 1.227365 -0.612081 -0.421733 0.383277 0.548267
1.203977 0.132753 1.409034 -0.057954 -0.651676 -0.073234 0.752726

1.210379 0.129861 1.226864 -0.578831 -0.438926 0.438511 0.529156
1.205317 0.133640 1.408628 -0.092512 -0.644514 -0.061684 0.756464

1.210504 0.130857 1.226868 -0.560778 -0.481849 0.369464 0.562891
1.205464 0.132943 1.407876 -0.078501 -0.649479 -0.025234 0.755896

1.209496 0.129543 1.228743 -0.524061 -0.458100 0.471199 0.541735
1.203935 0.134205 1.409924 -0.140303 -0.649113 -0.090182 0.742183

1.209586 0.130982 1.227717 -0.557855 -0.466284 0.415019 0.546933
1.205567 0.134242 1.407871 -0.084648 -0.693344 -0.099688 0.708641

1.209992 0.130664 1.228224 -0.510126 -0.452307 0.478595 0.553295
1.205983 0.135273 1.407552 -0.153942 -0.684334 -0.027498 0.712203

1.210509 0.131161 1.228285 -0.538907 -0.484627 0.438146 0.531737
1.205808 0.134618 1.408463 -0.092992 -0.696727 -0.106094 0.703326

1.211389 0.130955 1.226259 -0.611218 -0.416801 0.416606 0.528327
1.205809 0.134673 1.407808 -0.040948 -0.671966 -0.063358 0.736729

1.210732 0.132213 1.225457 -0.591635 -0.454386 0.373882 0.551102
1.206195 0.135906 1.408093 -0.068615 -0.657110 -0.014240 0.750531

1.210392 0.129812 1.227377 -0.567719 -0.423513 0.425110 0.563571
1.205664 0.135828 1.408080 -0.065981 -0.665896 -0.051622 0.741326

1.209971 0.130831 1.227061 -0.553406 -0.459878 0.418272 0.554349
1.205284 0.133847 1.407502 -0.082601 -0.692789 -0.098024 0.709656

1.209847 0.131885 1.226250 -0.578607 -0.437327 0.420982 0.544732
1.204941 0.134823 1.407957 -0.022288 -0.677717 -0.079016 0.730725

1.209213 0.130606 1.227732 -0.567756 -0.435609 0.430701 0.549905
1.205820 0.134849 1.409271 -0.038460 -0.673167 -0.052578 0.736616

1.210216 0.130939 1.225638 -0.602685 -0.430230 0.396043 0.542976
1.205104 0.133623 1.407753 -0.124361 -0.678703 -0.065644 0.720824

1.209806 0.132450 1.226457 -0.594648 -0.452885 0.412887 0.520398
1.204696 0.133284 1.407859 -0.117233 -0.685423 -0.068224 0.715400

1.209954 0.131399 1.225863 -0.594137 -0.429588 0.406157 0.545428
1.204071 0.133290 1.407065 -0.109004 -0.716864 -0.101737 0.681083

1.210901 0.132622 1.226167 -0.588234 -0.451105 0.376177 0.555856
1.206010 0.136165 1.407434 -0.035650 -0.657911 -0.059990 0.749856

1.210875 0.128875 1.225392 -0.584076 -0.388068 0.423647 0.573395
1.204668 0.133404 1.407543 -0.086384 -0.687379 -0.102695 0.713794

1.210198 0.131464 1.226947 -0.592517 -0.430956 0.408171 0.544608
1.204706 0.133747 1.407892 -0.148375 -0.671279 -0.019539 0.725939

1.209501 0.130277 1.226805 -0.574332 -0.439219 0.426973 0.543069
1.205320 0.135754 1.407638 -0.048068 -0.655238 -0.063562 0.751207

1.209722 0.131490 1.226039 -0.589623 -0.444751 0.414132 0.532011
1.204824 0.133649 1.408465 -0.059449 -0.698426 -0.138821 0.699568

1.209488 0.130954 1.227012 -0.576513 -0.437571 0.424507 0.544020
1.204824 0.135015 1.408067 -0.037182 -0.665494 -0.052313 0.743639

1.209508 0.130315 1.228331 -0.553873 -0.445331 0.444516 0.545262
1.205000 0.133370 1.407996 -0.075937 -0.682556 -0.094412 0.720720

1.209603 0.129772 1.227584 -0.569809 -0.443220 0.430783 0.541571
1.204884 0.133150 1.408220 -0.081193 -0.687561 -0.098013 0.714885

1.211347 0.133121 1.224775 -0.610099 -0.425661 0.389870 0.542765
1.204690 0.132891 1.407476 -0.107923 -0.713793 -0.101373 0.684526

1.209597 0.130391 1.227570 -0.577232 -0.444241 0.424873 0.537527
1.206194 0.135450 1.407788 -0.041774 -0.662896 -0.065449 0.744675

1.210381 0.130380 1.226678 -0.569267 -0.419887 0.422458 0.566708
1.206198 0.135393 1.408451 -0.086285 -0.666594 -0.027379 0.739903

1.210263 0.130977 1.227468 -0.560837 -0.460747 0.410636 0.551863
1.204729 0.132957 1.407544 -0.111245 -0.714043 -0.116377 0.681339

1.210243 0.131051 1.227060 -0.562199 -0.444800 0.437665 0.542711
1.204137 0.132704 1.407310 -0.144068 -0.708629 -0.075397 0.686589

1.210288 0.131919 1.226582 -0.583613 -0.430539 0.413927 0.550178
1.205093 0.133103 1.407283 -0.069226 -0.726828 -0.125818 0.671639

1.210309 0.130603 1.228190 -0.547403 -0.460257 0.422468 0.556807
1.205860 0.134986 1.408627 -0.045634 -0.669331 -0.068296 0.738410

1.211077 0.132402 1.225371 -0.608252 -0.421525 0.389780 0.548104
1.204859 0.133779 1.408452 -0.064784 -0.688347 -0.132862 0.710161

1.210034 0.130480 1.228306 -0.578014 -0.421983 0.446380 0.537192
1.206005 0.135620 1.408076 -0.077875 -0.666361 -0.022586 0.741207

1.210140 0.130648 1.227642 -0.559509 -0.435721 0.437145 0.553174
1.205608 0.133840 1.408209 -0.065787 -0.700562 -0.130136 0.698534

1.209725 0.131034 1.227871 -0.584517 -0.417825 0.440021 0.538650
1.205982 0.134941 1.408836 -0.019631 -0.671689 -0.076358 0.736626

1.211113 0.131929 1.224524 -0.599253 -0.429032 0.401058 0.544040
1.206495 0.135978 1.407689 -0.034908 -0.671289 -0.057569 0.738131

1.209967 0.131645 1.226382 -0.598378 -0.427745 0.401584 0.545626
1.205510 0.134843 1.407750 -0.065337 -0.665301 -0.041876 0.742531

1.210187 0.130114 1.226942 -0.584326 -0.407538 0.431132 0.553716
1.207223 0.136010 1.407843 -0.082000 -0.662665 -0.027300 0.743913

1.210449 0.132133 1.225823 -0.604435 -0.419952 0.392661 0.551468
1.205406 0.134443 1.408356 -0.084437 -0.691093 -0.100053 0.710810

1.210932 0.131311 1.227982 -0.544305 -0.459791 0.457312 0.532156
1.206275 0.135309 1.407948 -0.021546 -0.681071 -0.089280 0.726435

1.210581 0.131834 1.228288 -0.561967 -0.464983 0.445726 0.518953
1.206343 0.135512 1.407559 -0.046899 -0.667792 -0.069766 0.739586

