points: 2
frames: 9
0.841088 -0.034321 0.679941 0.008273 0.000321 0.107284 0.994194
0.890505 0.050975 0.690787 0.057656 -0.025088 -0.187479 0.980254

0.840968 -0.034312 0.680040 0.008409 0.000886 0.107087 0.994214
0.891482 0.050993 0.689858 0.059295 -0.026412 -0.187541 0.980110

0.840149 -0.034206 0.680837 0.008874 0.001490 0.107590 0.994155
0.891483 0.050975 0.689858 0.059295 -0.026412 -0.187550 0.980108

0.840274 -0.034308 0.680692 0.008830 -0.000009 0.108057 0.994106
0.884768 0.051148 0.695058 0.024637 -0.037721 -0.180864 0.982476

0.838238 -0.033998 0.682715 0.010213 0.002505 0.107700 0.994128
0.890937 0.050915 0.690320 0.058027 -0.026758 -0.187830 0.980121

0.838578 -0.034061 0.682386 0.010854 0.002318 0.108290 0.994057
0.890954 0.050908 0.690322 0.058058 -0.026291 -0.187690 0.980158

0.838702 -0.034070 0.682284 0.010713 0.001758 0.108487 0.994039
0.890980 0.050904 0.690353 0.059904 -0.025353 -0.187206 0.980165

0.838702 -0.034070 0.682284 0.010713 0.001758 0.108487 0.994039
0.891513 0.050895 0.689827 0.059356 -0.026672 -0.187660 0.980076

0.840146 -0.034285 0.680837 0.008874 0.001489 0.107547 0.994159
0.890239 0.050938 0.690967 0.058203 -0.026044 -0.187590 0.980176

