points: 135
edges: 820
0 -1 -1 -1 0 0 0 1
1 -1 -0.5 -1 0 0 0 1
2 -1 0 -1 0 0 0 1
3 -1 0.5 -1 0 0 0 1
4 -1 1 -1 0 0 0 1
5 -0.5 -1 -1 0 0 0 1
6 -0.5 -0.5 -1 0 0 0 1
7 -0.5 0 -1 0 0 0 1
8 -0.5 0.5 -1 0 0 0 1
9 -0.5 1 -1 0 0 0 1
10 0 -1 -1 0 0 0 1
11 0 -0.5 -1 0 0 0 1
12 0 0 -1 0 0 0 1
13 0 0.5 -1 0 0 0 1
14 0 1 -1 0 0 0 1
15 0.5 -1 -1 0 0 0 1
16 0.5 -0.5 -1 0 0 0 1
17 0.5 0 -1 0 0 0 1
18 0.5 0.5 -1 0 0 0 1
19 0.5 1 -1 0 0 0 1
20 1 -1 -1 0 0 0 1
21 1 -0.5 -1 0 0 0 1
22 1 0 -1 0 0 0 1
23 1 0.5 -1 0 0 0 1
24 1 1 -1 0 0 0 1
25 -1 -1 -0.5 0 0 0 1
26 -1 -0.5 -0.5 0 0 0 1
27 -1 0 -0.5 0 0 0 1
28 -1 0.5 -0.5 0 0 0 1
29 -1 1 -0.5 0 0 0 1
30 -0.5 -1 -0.5 0 0 0 1
31 -0.5 -0.5 -0.5 0 0 0 1
32 -0.5 0 -0.5 0 0 0 1
33 -0.5 0.5 -0.5 0 0 0 1
34 -0.5 1 -0.5 0 0 0 1
35 0 -1 -0.5 0 0 0 1
36 0 -0.5 -0.5 0 0 0 1
37 0 0 -0.5 0 0 0 1
38 0 0.5 -0.5 0 0 0 1
39 0 1 -0.5 0 0 0 1
40 0.5 -1 -0.5 0 0 0 1
41 0.5 -0.5 -0.5 0 0 0 1
42 0.5 0 -0.5 0 0 0 1
43 0.5 0.5 -0.5 0 0 0 1
44 0.5 1 -0.5 0 0 0 1
45 1 -1 -0.5 0 0 0 1
46 1 -0.5 -0.5 0 0 0 1
47 1 0 -0.5 0 0 0 1
48 1 0.5 -0.5 0 0 0 1
49 1 1 -0.5 0 0 0 1
50 -1 -1 0 0 0 0 1
51 -1 -0.5 0 0 0 0 1
52 -1 0 0 0 0 0 1
53 -1 0.5 0 0 0 0 1
54 -1 1 0 0 0 0 1
55 -0.5 -1 0 0 0 0 1
56 -0.5 -0.5 0 0 0 0 1
57 -0.5 0 0 0 0 0 1
58 -0.5 0.5 0 0 0 0 1
59 -0.5 1 0 0 0 0 1
60 0 -1 0 0 0 0 1
61 0 -0.5 0 0 0 0 1
62 0 0 0 0 0 0 1
63 0 0.5 0 0 0 0 1
64 0 1 0 0 0 0 1
65 0.5 -1 0 0 0 0 1
66 0.5 -0.5 0 0 0 0 1
67 0.5 0 0 0 0 0 1
68 0.5 0.5 0 0 0 0 1
69 0.5 1 0 0 0 0 1
70 1 -1 0 0 0 0 1
71 1 -0.5 0 0 0 0 1
72 1 0 0 0 0 0 1
73 1 0.5 0 0 0 0 1
74 1 1 0 0 0 0 1
75 -1 -1 0.5 0 0 0 1
76 -1 -0.5 0.5 0 0 0 1
77 -1 0 0.5 0 0 0 1
78 -1 0.5 0.5 0 0 0 1
79 -1 1 0.5 0 0 0 1
80 -0.5 -1 0.5 0 0 0 1
81 -0.5 -0.5 0.5 0 0 0 1
82 -0.5 0 0.5 0 0 0 1
83 -0.5 0.5 0.5 0 0 0 1
84 -0.5 1 0.5 0 0 0 1
85 0 -1 0.5 0 0 0 1
86 0 -0.5 0.5 0 0 0 1
87 0 0 0.5 0 0 0 1
88 0 0.5 0.5 0 0 0 1
89 0 1 0.5 0 0 0 1
90 0.5 -1 0.5 0 0 0 1
91 0.5 -0.5 0.5 0 0 0 1
92 0.5 0 0.5 0 0 0 1
93 0.5 0.5 0.5 0 0 0 1
94 0.5 1 0.5 0 0 0 1
95 1 -1 0.5 0 0 0 1
96 1 -0.5 0.5 0 0 0 1
97 1 0 0.5 0 0 0 1
98 1 0.5 0.5 0 0 0 1
99 1 1 0.5 0 0 0 1
100 -1 -1 1 0 0 0 1
101 -1 -0.5 1 0 0 0 1
102 -1 0 1 0 0 0 1
103 -1 0.5 1 0 0 0 1
104 -1 1 1 0 0 0 1
105 -0.5 -1 1 0 0 0 1
106 -0.5 -0.5 1 0 0 0 1
107 -0.5 0 1 0 0 0 1
108 -0.5 0.5 1 0 0 0 1
109 -0.5 1 1 0 0 0 1
110 0 -1 1 0 0 0 1
111 0 -0.5 1 0 0 0 1
112 0 0 1 0 0 0 1
113 0 0.5 1 0 0 0 1
114 0 1 1 0 0 0 1
115 0.5 -1 1 0 0 0 1
116 0.5 -0.5 1 0 0 0 1
117 0.5 0 1 0 0 0 1
118 0.5 0.5 1 0 0 0 1
119 0.5 1 1 0 0 0 1
120 1 -1 1 0 0 0 1
121 1 -0.5 1 0 0 0 1
122 1 0 1 0 0 0 1
123 1 0.5 1 0 0 0 1
124 1 1 1 0 0 0 1
125 1.25 -1 0.5 0 0 0 1
126 1.25 -0.5 0.5 0 0 0 1
127 1.25 0 0.5 0 0 0 1
128 1.25 0.5 0.5 0 0 0 1
129 1.25 1 0.5 0 0 0 1
130 1.25 -1 1 0 0 0 1
131 1.25 -0.5 1 0 0 0 1
132 1.25 0 1 0 0 0 1
133 1.25 0.5 1 0 0 0 1
134 1.25 1 1 0 0 0 1
0 1 0 0.000000 0.000000 0.000000 1.000000
0 5 0 0.000000 0.000000 0.000000 1.000000
0 25 0 0.000000 0.000000 0.000000 1.000000
0 6 0 0.000000 0.000000 0.000000 1.000000
0 26 0 0.000000 0.000000 0.000000 1.000000
0 30 0 0.000000 0.000000 0.000000 1.000000
1 0 0 0.000000 0.000000 0.000000 1.000000
1 2 0 0.000000 0.000000 0.000000 1.000000
1 6 0 0.000000 0.000000 0.000000 1.000000
1 26 0 0.000000 0.000000 0.000000 1.000000
1 5 0 0.000000 0.000000 0.000000 1.000000
1 7 0 0.000000 0.000000 0.000000 1.000000
2 1 0 0.000000 0.000000 0.000000 1.000000
2 3 0 0.000000 0.000000 0.000000 1.000000
2 7 0 0.000000 0.000000 0.000000 1.000000
2 27 0 0.000000 0.000000 0.000000 1.000000
2 6 0 0.000000 0.000000 0.000000 1.000000
2 8 0 0.000000 0.000000 0.000000 1.000000
3 2 0 0.000000 0.000000 0.000000 1.000000
3 4 0 0.000000 0.000000 0.000000 1.000000
3 8 0 0.000000 0.000000 0.000000 1.000000
3 28 0 0.000000 0.000000 0.000000 1.000000
3 7 0 0.000000 0.000000 0.000000 1.000000
3 9 0 0.000000 0.000000 0.000000 1.000000
4 3 0 0.000000 0.000000 0.000000 1.000000
4 9 0 0.000000 0.000000 0.000000 1.000000
4 29 0 0.000000 0.000000 0.000000 1.000000
4 8 0 0.000000 0.000000 0.000000 1.000000
4 28 0 0.000000 0.000000 0.000000 1.000000
4 34 0 0.000000 0.000000 0.000000 1.000000
5 0 0 0.000000 0.000000 0.000000 1.000000
5 6 0 0.000000 0.000000 0.000000 1.000000
5 10 0 0.000000 0.000000 0.000000 1.000000
5 30 0 0.000000 0.000000 0.000000 1.000000
5 1 0 0.000000 0.000000 0.000000 1.000000
5 11 0 0.000000 0.000000 0.000000 1.000000
6 1 0 0.000000 0.000000 0.000000 1.000000
6 5 0 0.000000 0.000000 0.000000 1.000000
6 7 0 0.000000 0.000000 0.000000 1.000000
6 11 0 0.000000 0.000000 0.000000 1.000000
6 31 0 0.000000 0.000000 0.000000 1.000000
6 0 0 0.000000 0.000000 0.000000 1.000000
7 2 0 0.000000 0.000000 0.000000 1.000000
7 6 0 0.000000 0.000000 0.000000 1.000000
7 8 0 0.000000 0.000000 0.000000 1.000000
7 12 0 0.000000 0.000000 0.000000 1.000000
7 32 0 0.000000 0.000000 0.000000 1.000000
7 1 0 0.000000 0.000000 0.000000 1.000000
8 3 0 0.000000 0.000000 0.000000 1.000000
8 7 0 0.000000 0.000000 0.000000 1.000000
8 9 0 0.000000 0.000000 0.000000 1.000000
8 13 0 0.000000 0.000000 0.000000 1.000000
8 33 0 0.000000 0.000000 0.000000 1.000000
8 2 0 0.000000 0.000000 0.000000 1.000000
9 4 0 0.000000 0.000000 0.000000 1.000000
9 8 0 0.000000 0.000000 0.000000 1.000000
9 14 0 0.000000 0.000000 0.000000 1.000000
9 34 0 0.000000 0.000000 0.000000 1.000000
9 3 0 0.000000 0.000000 0.000000 1.000000
9 13 0 0.000000 0.000000 0.000000 1.000000
10 5 0 0.000000 0.000000 0.000000 1.000000
10 11 0 0.000000 0.000000 0.000000 1.000000
10 15 0 0.000000 0.000000 0.000000 1.000000
10 35 0 0.000000 0.000000 0.000000 1.000000
10 6 0 0.000000 0.000000 0.000000 1.000000
10 16 0 0.000000 0.000000 0.000000 1.000000
11 6 0 0.000000 0.000000 0.000000 1.000000
11 10 0 0.000000 0.000000 0.000000 1.000000
11 12 0 0.000000 0.000000 0.000000 1.000000
11 16 0 0.000000 0.000000 0.000000 1.000000
11 36 0 0.000000 0.000000 0.000000 1.000000
11 5 0 0.000000 0.000000 0.000000 1.000000
12 7 0 0.000000 0.000000 0.000000 1.000000
12 11 0 0.000000 0.000000 0.000000 1.000000
12 13 0 0.000000 0.000000 0.000000 1.000000
12 17 0 0.000000 0.000000 0.000000 1.000000
12 37 0 0.000000 0.000000 0.000000 1.000000
12 6 0 0.000000 0.000000 0.000000 1.000000
13 8 0 0.000000 0.000000 0.000000 1.000000
13 12 0 0.000000 0.000000 0.000000 1.000000
13 14 0 0.000000 0.000000 0.000000 1.000000
13 18 0 0.000000 0.000000 0.000000 1.000000
13 38 0 0.000000 0.000000 0.000000 1.000000
13 7 0 0.000000 0.000000 0.000000 1.000000
14 9 0 0.000000 0.000000 0.000000 1.000000
14 13 0 0.000000 0.000000 0.000000 1.000000
14 19 0 0.000000 0.000000 0.000000 1.000000
14 39 0 0.000000 0.000000 0.000000 1.000000
14 8 0 0.000000 0.000000 0.000000 1.000000
14 18 0 0.000000 0.000000 0.000000 1.000000
15 10 0 0.000000 0.000000 0.000000 1.000000
15 16 0 0.000000 0.000000 0.000000 1.000000
15 20 0 0.000000 0.000000 0.000000 1.000000
15 40 0 0.000000 0.000000 0.000000 1.000000
15 11 0 0.000000 0.000000 0.000000 1.000000
15 21 0 0.000000 0.000000 0.000000 1.000000
16 11 0 0.000000 0.000000 0.000000 1.000000
16 15 0 0.000000 0.000000 0.000000 1.000000
16 17 0 0.000000 0.000000 0.000000 1.000000
16 21 0 0.000000 0.000000 0.000000 1.000000
16 41 0 0.000000 0.000000 0.000000 1.000000
16 10 0 0.000000 0.000000 0.000000 1.000000
17 12 0 0.000000 0.000000 0.000000 1.000000
17 16 0 0.000000 0.000000 0.000000 1.000000
17 18 0 0.000000 0.000000 0.000000 1.000000
17 22 0 0.000000 0.000000 0.000000 1.000000
17 42 0 0.000000 0.000000 0.000000 1.000000
17 11 0 0.000000 0.000000 0.000000 1.000000
18 13 0 0.000000 0.000000 0.000000 1.000000
18 17 0 0.000000 0.000000 0.000000 1.000000
18 19 0 0.000000 0.000000 0.000000 1.000000
18 23 0 0.000000 0.000000 0.000000 1.000000
18 43 0 0.000000 0.000000 0.000000 1.000000
18 12 0 0.000000 0.000000 0.000000 1.000000
19 14 0 0.000000 0.000000 0.000000 1.000000
19 18 0 0.000000 0.000000 0.000000 1.000000
19 24 0 0.000000 0.000000 0.000000 1.000000
19 44 0 0.000000 0.000000 0.000000 1.000000
19 13 0 0.000000 0.000000 0.000000 1.000000
19 23 0 0.000000 0.000000 0.000000 1.000000
20 15 0 0.000000 0.000000 0.000000 1.000000
20 21 0 0.000000 0.000000 0.000000 1.000000
20 45 0 0.000000 0.000000 0.000000 1.000000
20 16 0 0.000000 0.000000 0.000000 1.000000
20 40 0 0.000000 0.000000 0.000000 1.000000
20 46 0 0.000000 0.000000 0.000000 1.000000
21 16 0 0.000000 0.000000 0.000000 1.000000
21 20 0 0.000000 0.000000 0.000000 1.000000
21 22 0 0.000000 0.000000 0.000000 1.000000
21 46 0 0.000000 0.000000 0.000000 1.000000
21 15 0 0.000000 0.000000 0.000000 1.000000
21 17 0 0.000000 0.000000 0.000000 1.000000
22 17 0 0.000000 0.000000 0.000000 1.000000
22 21 0 0.000000 0.000000 0.000000 1.000000
22 23 0 0.000000 0.000000 0.000000 1.000000
22 47 0 0.000000 0.000000 0.000000 1.000000
22 16 0 0.000000 0.000000 0.000000 1.000000
22 18 0 0.000000 0.000000 0.000000 1.000000
23 18 0 0.000000 0.000000 0.000000 1.000000
23 22 0 0.000000 0.000000 0.000000 1.000000
23 24 0 0.000000 0.000000 0.000000 1.000000
23 48 0 0.000000 0.000000 0.000000 1.000000
23 17 0 0.000000 0.000000 0.000000 1.000000
23 19 0 0.000000 0.000000 0.000000 1.000000
24 19 0 0.000000 0.000000 0.000000 1.000000
24 23 0 0.000000 0.000000 0.000000 1.000000
24 49 0 0.000000 0.000000 0.000000 1.000000
24 18 0 0.000000 0.000000 0.000000 1.000000
24 44 0 0.000000 0.000000 0.000000 1.000000
24 48 0 0.000000 0.000000 0.000000 1.000000
25 0 0 0.000000 0.000000 0.000000 1.000000
25 26 0 0.000000 0.000000 0.000000 1.000000
25 30 0 0.000000 0.000000 0.000000 1.000000
25 50 0 0.000000 0.000000 0.000000 1.000000
25 1 0 0.000000 0.000000 0.000000 1.000000
25 5 0 0.000000 0.000000 0.000000 1.000000
26 1 0 0.000000 0.000000 0.000000 1.000000
26 25 0 0.000000 0.000000 0.000000 1.000000
26 27 0 0.000000 0.000000 0.000000 1.000000
26 31 0 0.000000 0.000000 0.000000 1.000000
26 51 0 0.000000 0.000000 0.000000 1.000000
26 0 0 0.000000 0.000000 0.000000 1.000000
27 2 0 0.000000 0.000000 0.000000 1.000000
27 26 0 0.000000 0.000000 0.000000 1.000000
27 28 0 0.000000 0.000000 0.000000 1.000000
27 32 0 0.000000 0.000000 0.000000 1.000000
27 52 0 0.000000 0.000000 0.000000 1.000000
27 1 0 0.000000 0.000000 0.000000 1.000000
28 3 0 0.000000 0.000000 0.000000 1.000000
28 27 0 0.000000 0.000000 0.000000 1.000000
28 29 0 0.000000 0.000000 0.000000 1.000000
28 33 0 0.000000 0.000000 0.000000 1.000000
28 53 0 0.000000 0.000000 0.000000 1.000000
28 2 0 0.000000 0.000000 0.000000 1.000000
29 4 0 0.000000 0.000000 0.000000 1.000000
29 28 0 0.000000 0.000000 0.000000 1.000000
29 34 0 0.000000 0.000000 0.000000 1.000000
29 54 0 0.000000 0.000000 0.000000 1.000000
29 3 0 0.000000 0.000000 0.000000 1.000000
29 9 0 0.000000 0.000000 0.000000 1.000000
30 5 0 0.000000 0.000000 0.000000 1.000000
30 25 0 0.000000 0.000000 0.000000 1.000000
30 31 0 0.000000 0.000000 0.000000 1.000000
30 35 0 0.000000 0.000000 0.000000 1.000000
30 55 0 0.000000 0.000000 0.000000 1.000000
30 0 0 0.000000 0.000000 0.000000 1.000000
31 6 0 0.000000 0.000000 0.000000 1.000000
31 26 0 0.000000 0.000000 0.000000 1.000000
31 30 0 0.000000 0.000000 0.000000 1.000000
31 32 0 0.000000 0.000000 0.000000 1.000000
31 36 0 0.000000 0.000000 0.000000 1.000000
31 56 0 0.000000 0.000000 0.000000 1.000000
32 7 0 0.000000 0.000000 0.000000 1.000000
32 27 0 0.000000 0.000000 0.000000 1.000000
32 31 0 0.000000 0.000000 0.000000 1.000000
32 33 0 0.000000 0.000000 0.000000 1.000000
32 37 0 0.000000 0.000000 0.000000 1.000000
32 57 0 0.000000 0.000000 0.000000 1.000000
33 8 0 0.000000 0.000000 0.000000 1.000000
33 28 0 0.000000 0.000000 0.000000 1.000000
33 32 0 0.000000 0.000000 0.000000 1.000000
33 34 0 0.000000 0.000000 0.000000 1.000000
33 38 0 0.000000 0.000000 0.000000 1.000000
33 58 0 0.000000 0.000000 0.000000 1.000000
34 9 0 0.000000 0.000000 0.000000 1.000000
34 29 0 0.000000 0.000000 0.000000 1.000000
34 33 0 0.000000 0.000000 0.000000 1.000000
34 39 0 0.000000 0.000000 0.000000 1.000000
34 59 0 0.000000 0.000000 0.000000 1.000000
34 4 0 0.000000 0.000000 0.000000 1.000000
35 10 0 0.000000 0.000000 0.000000 1.000000
35 30 0 0.000000 0.000000 0.000000 1.000000
35 36 0 0.000000 0.000000 0.000000 1.000000
35 40 0 0.000000 0.000000 0.000000 1.000000
35 60 0 0.000000 0.000000 0.000000 1.000000
35 5 0 0.000000 0.000000 0.000000 1.000000
36 11 0 0.000000 0.000000 0.000000 1.000000
36 31 0 0.000000 0.000000 0.000000 1.000000
36 35 0 0.000000 0.000000 0.000000 1.000000
36 37 0 0.000000 0.000000 0.000000 1.000000
36 41 0 0.000000 0.000000 0.000000 1.000000
36 61 0 0.000000 0.000000 0.000000 1.000000
37 12 0 0.000000 0.000000 0.000000 1.000000
37 32 0 0.000000 0.000000 0.000000 1.000000
37 36 0 0.000000 0.000000 0.000000 1.000000
37 38 0 0.000000 0.000000 0.000000 1.000000
37 42 0 0.000000 0.000000 0.000000 1.000000
37 62 0 0.000000 0.000000 0.000000 1.000000
38 13 0 0.000000 0.000000 0.000000 1.000000
38 33 0 0.000000 0.000000 0.000000 1.000000
38 37 0 0.000000 0.000000 0.000000 1.000000
38 39 0 0.000000 0.000000 0.000000 1.000000
38 43 0 0.000000 0.000000 0.000000 1.000000
38 63 0 0.000000 0.000000 0.000000 1.000000
39 14 0 0.000000 0.000000 0.000000 1.000000
39 34 0 0.000000 0.000000 0.000000 1.000000
39 38 0 0.000000 0.000000 0.000000 1.000000
39 44 0 0.000000 0.000000 0.000000 1.000000
39 64 0 0.000000 0.000000 0.000000 1.000000
39 9 0 0.000000 0.000000 0.000000 1.000000
40 15 0 0.000000 0.000000 0.000000 1.000000
40 35 0 0.000000 0.000000 0.000000 1.000000
40 41 0 0.000000 0.000000 0.000000 1.000000
40 45 0 0.000000 0.000000 0.000000 1.000000
40 65 0 0.000000 0.000000 0.000000 1.000000
40 10 0 0.000000 0.000000 0.000000 1.000000
41 16 0 0.000000 0.000000 0.000000 1.000000
41 36 0 0.000000 0.000000 0.000000 1.000000
41 40 0 0.000000 0.000000 0.000000 1.000000
41 42 0 0.000000 0.000000 0.000000 1.000000
41 46 0 0.000000 0.000000 0.000000 1.000000
41 66 0 0.000000 0.000000 0.000000 1.000000
42 17 0 0.000000 0.000000 0.000000 1.000000
42 37 0 0.000000 0.000000 0.000000 1.000000
42 41 0 0.000000 0.000000 0.000000 1.000000
42 43 0 0.000000 0.000000 0.000000 1.000000
42 47 0 0.000000 0.000000 0.000000 1.000000
42 67 0 0.000000 0.000000 0.000000 1.000000
43 18 0 0.000000 0.000000 0.000000 1.000000
43 38 0 0.000000 0.000000 0.000000 1.000000
43 42 0 0.000000 0.000000 0.000000 1.000000
43 44 0 0.000000 0.000000 0.000000 1.000000
43 48 0 0.000000 0.000000 0.000000 1.000000
43 68 0 0.000000 0.000000 0.000000 1.000000
44 19 0 0.000000 0.000000 0.000000 1.000000
44 39 0 0.000000 0.000000 0.000000 1.000000
44 43 0 0.000000 0.000000 0.000000 1.000000
44 49 0 0.000000 0.000000 0.000000 1.000000
44 69 0 0.000000 0.000000 0.000000 1.000000
44 14 0 0.000000 0.000000 0.000000 1.000000
45 20 0 0.000000 0.000000 0.000000 1.000000
45 40 0 0.000000 0.000000 0.000000 1.000000
45 46 0 0.000000 0.000000 0.000000 1.000000
45 70 0 0.000000 0.000000 0.000000 1.000000
45 15 0 0.000000 0.000000 0.000000 1.000000
45 21 0 0.000000 0.000000 0.000000 1.000000
46 21 0 0.000000 0.000000 0.000000 1.000000
46 41 0 0.000000 0.000000 0.000000 1.000000
46 45 0 0.000000 0.000000 0.000000 1.000000
46 47 0 0.000000 0.000000 0.000000 1.000000
46 71 0 0.000000 0.000000 0.000000 1.000000
46 16 0 0.000000 0.000000 0.000000 1.000000
47 22 0 0.000000 0.000000 0.000000 1.000000
47 42 0 0.000000 0.000000 0.000000 1.000000
47 46 0 0.000000 0.000000 0.000000 1.000000
47 48 0 0.000000 0.000000 0.000000 1.000000
47 72 0 0.000000 0.000000 0.000000 1.000000
47 17 0 0.000000 0.000000 0.000000 1.000000
48 23 0 0.000000 0.000000 0.000000 1.000000
48 43 0 0.000000 0.000000 0.000000 1.000000
48 47 0 0.000000 0.000000 0.000000 1.000000
48 49 0 0.000000 0.000000 0.000000 1.000000
48 73 0 0.000000 0.000000 0.000000 1.000000
48 18 0 0.000000 0.000000 0.000000 1.000000
49 24 0 0.000000 0.000000 0.000000 1.000000
49 44 0 0.000000 0.000000 0.000000 1.000000
49 48 0 0.000000 0.000000 0.000000 1.000000
49 74 0 0.000000 0.000000 0.000000 1.000000
49 19 0 0.000000 0.000000 0.000000 1.000000
49 23 0 0.000000 0.000000 0.000000 1.000000
50 25 0 0.000000 0.000000 0.000000 1.000000
50 51 0 0.000000 0.000000 0.000000 1.000000
50 55 0 0.000000 0.000000 0.000000 1.000000
50 75 0 0.000000 0.000000 0.000000 1.000000
50 26 0 0.000000 0.000000 0.000000 1.000000
50 30 0 0.000000 0.000000 0.000000 1.000000
51 26 0 0.000000 0.000000 0.000000 1.000000
51 50 0 0.000000 0.000000 0.000000 1.000000
51 52 0 0.000000 0.000000 0.000000 1.000000
51 56 0 0.000000 0.000000 0.000000 1.000000
51 76 0 0.000000 0.000000 0.000000 1.000000
51 25 0 0.000000 0.000000 0.000000 1.000000
52 27 0 0.000000 0.000000 0.000000 1.000000
52 51 0 0.000000 0.000000 0.000000 1.000000
52 53 0 0.000000 0.000000 0.000000 1.000000
52 57 0 0.000000 0.000000 0.000000 1.000000
52 77 0 0.000000 0.000000 0.000000 1.000000
52 26 0 0.000000 0.000000 0.000000 1.000000
53 28 0 0.000000 0.000000 0.000000 1.000000
53 52 0 0.000000 0.000000 0.000000 1.000000
53 54 0 0.000000 0.000000 0.000000 1.000000
53 58 0 0.000000 0.000000 0.000000 1.000000
53 78 0 0.000000 0.000000 0.000000 1.000000
53 27 0 0.000000 0.000000 0.000000 1.000000
54 29 0 0.000000 0.000000 0.000000 1.000000
54 53 0 0.000000 0.000000 0.000000 1.000000
54 59 0 0.000000 0.000000 0.000000 1.000000
54 79 0 0.000000 0.000000 0.000000 1.000000
54 28 0 0.000000 0.000000 0.000000 1.000000
54 34 0 0.000000 0.000000 0.000000 1.000000
55 30 0 0.000000 0.000000 0.000000 1.000000
55 50 0 0.000000 0.000000 0.000000 1.000000
55 56 0 0.000000 0.000000 0.000000 1.000000
55 60 0 0.000000 0.000000 0.000000 1.000000
55 80 0 0.000000 0.000000 0.000000 1.000000
55 25 0 0.000000 0.000000 0.000000 1.000000
56 31 0 0.000000 0.000000 0.000000 1.000000
56 51 0 0.000000 0.000000 0.000000 1.000000
56 55 0 0.000000 0.000000 0.000000 1.000000
56 57 0 0.000000 0.000000 0.000000 1.000000
56 61 0 0.000000 0.000000 0.000000 1.000000
56 81 0 0.000000 0.000000 0.000000 1.000000
57 32 0 0.000000 0.000000 0.000000 1.000000
57 52 0 0.000000 0.000000 0.000000 1.000000
57 56 0 0.000000 0.000000 0.000000 1.000000
57 58 0 0.000000 0.000000 0.000000 1.000000
57 62 0 0.000000 0.000000 0.000000 1.000000
57 82 0 0.000000 0.000000 0.000000 1.000000
58 33 0 0.000000 0.000000 0.000000 1.000000
58 53 0 0.000000 0.000000 0.000000 1.000000
58 57 0 0.000000 0.000000 0.000000 1.000000
58 59 0 0.000000 0.000000 0.000000 1.000000
58 63 0 0.000000 0.000000 0.000000 1.000000
58 83 0 0.000000 0.000000 0.000000 1.000000
59 34 0 0.000000 0.000000 0.000000 1.000000
59 54 0 0.000000 0.000000 0.000000 1.000000
59 58 0 0.000000 0.000000 0.000000 1.000000
59 64 0 0.000000 0.000000 0.000000 1.000000
59 84 0 0.000000 0.000000 0.000000 1.000000
59 29 0 0.000000 0.000000 0.000000 1.000000
60 35 0 0.000000 0.000000 0.000000 1.000000
60 55 0 0.000000 0.000000 0.000000 1.000000
60 61 0 0.000000 0.000000 0.000000 1.000000
60 65 0 0.000000 0.000000 0.000000 1.000000
60 85 0 0.000000 0.000000 0.000000 1.000000
60 30 0 0.000000 0.000000 0.000000 1.000000
61 36 0 0.000000 0.000000 0.000000 1.000000
61 56 0 0.000000 0.000000 0.000000 1.000000
61 60 0 0.000000 0.000000 0.000000 1.000000
61 62 0 0.000000 0.000000 0.000000 1.000000
61 66 0 0.000000 0.000000 0.000000 1.000000
61 86 0 0.000000 0.000000 0.000000 1.000000
62 37 0 0.000000 0.000000 0.000000 1.000000
62 57 0 0.000000 0.000000 0.000000 1.000000
62 61 0 0.000000 0.000000 0.000000 1.000000
62 63 0 0.000000 0.000000 0.000000 1.000000
62 67 0 0.000000 0.000000 0.000000 1.000000
62 87 0 0.000000 0.000000 0.000000 1.000000
63 38 0 0.000000 0.000000 0.000000 1.000000
63 58 0 0.000000 0.000000 0.000000 1.000000
63 62 0 0.000000 0.000000 0.000000 1.000000
63 64 0 0.000000 0.000000 0.000000 1.000000
63 68 0 0.000000 0.000000 0.000000 1.000000
63 88 0 0.000000 0.000000 0.000000 1.000000
64 39 0 0.000000 0.000000 0.000000 1.000000
64 59 0 0.000000 0.000000 0.000000 1.000000
64 63 0 0.000000 0.000000 0.000000 1.000000
64 69 0 0.000000 0.000000 0.000000 1.000000
64 89 0 0.000000 0.000000 0.000000 1.000000
64 34 0 0.000000 0.000000 0.000000 1.000000
65 40 0 0.000000 0.000000 0.000000 1.000000
65 60 0 0.000000 0.000000 0.000000 1.000000
65 66 0 0.000000 0.000000 0.000000 1.000000
65 70 0 0.000000 0.000000 0.000000 1.000000
65 90 0 0.000000 0.000000 0.000000 1.000000
65 35 0 0.000000 0.000000 0.000000 1.000000
66 41 0 0.000000 0.000000 0.000000 1.000000
66 61 0 0.000000 0.000000 0.000000 1.000000
66 65 0 0.000000 0.000000 0.000000 1.000000
66 67 0 0.000000 0.000000 0.000000 1.000000
66 71 0 0.000000 0.000000 0.000000 1.000000
66 91 0 0.000000 0.000000 0.000000 1.000000
67 42 0 0.000000 0.000000 0.000000 1.000000
67 62 0 0.000000 0.000000 0.000000 1.000000
67 66 0 0.000000 0.000000 0.000000 1.000000
67 68 0 0.000000 0.000000 0.000000 1.000000
67 72 0 0.000000 0.000000 0.000000 1.000000
67 92 0 0.000000 0.000000 0.000000 1.000000
68 43 0 0.000000 0.000000 0.000000 1.000000
68 63 0 0.000000 0.000000 0.000000 1.000000
68 67 0 0.000000 0.000000 0.000000 1.000000
68 69 0 0.000000 0.000000 0.000000 1.000000
68 73 0 0.000000 0.000000 0.000000 1.000000
68 93 0 0.000000 0.000000 0.000000 1.000000
69 44 0 0.000000 0.000000 0.000000 1.000000
69 64 0 0.000000 0.000000 0.000000 1.000000
69 68 0 0.000000 0.000000 0.000000 1.000000
69 74 0 0.000000 0.000000 0.000000 1.000000
69 94 0 0.000000 0.000000 0.000000 1.000000
69 39 0 0.000000 0.000000 0.000000 1.000000
70 45 0 0.000000 0.000000 0.000000 1.000000
70 65 0 0.000000 0.000000 0.000000 1.000000
70 71 0 0.000000 0.000000 0.000000 1.000000
70 95 0 0.000000 0.000000 0.000000 1.000000
70 40 0 0.000000 0.000000 0.000000 1.000000
70 46 0 0.000000 0.000000 0.000000 1.000000
71 46 0 0.000000 0.000000 0.000000 1.000000
71 66 0 0.000000 0.000000 0.000000 1.000000
71 70 0 0.000000 0.000000 0.000000 1.000000
71 72 0 0.000000 0.000000 0.000000 1.000000
71 96 0 0.000000 0.000000 0.000000 1.000000
71 41 0 0.000000 0.000000 0.000000 1.000000
72 47 0 0.000000 0.000000 0.000000 1.000000
72 67 0 0.000000 0.000000 0.000000 1.000000
72 71 0 0.000000 0.000000 0.000000 1.000000
72 73 0 0.000000 0.000000 0.000000 1.000000
72 97 0 0.000000 0.000000 0.000000 1.000000
72 42 0 0.000000 0.000000 0.000000 1.000000
73 48 0 0.000000 0.000000 0.000000 1.000000
73 68 0 0.000000 0.000000 0.000000 1.000000
73 72 0 0.000000 0.000000 0.000000 1.000000
73 74 0 0.000000 0.000000 0.000000 1.000000
73 98 0 0.000000 0.000000 0.000000 1.000000
73 43 0 0.000000 0.000000 0.000000 1.000000
74 49 0 0.000000 0.000000 0.000000 1.000000
74 69 0 0.000000 0.000000 0.000000 1.000000
74 73 0 0.000000 0.000000 0.000000 1.000000
74 99 0 0.000000 0.000000 0.000000 1.000000
74 44 0 0.000000 0.000000 0.000000 1.000000
74 48 0 0.000000 0.000000 0.000000 1.000000
75 50 0 0.000000 0.000000 0.000000 1.000000
75 76 0 0.000000 0.000000 0.000000 1.000000
75 80 0 0.000000 0.000000 0.000000 1.000000
75 100 0 0.000000 0.000000 0.000000 1.000000
75 51 0 0.000000 0.000000 0.000000 1.000000
75 55 0 0.000000 0.000000 0.000000 1.000000
76 51 0 0.000000 0.000000 0.000000 1.000000
76 75 0 0.000000 0.000000 0.000000 1.000000
76 77 0 0.000000 0.000000 0.000000 1.000000
76 81 0 0.000000 0.000000 0.000000 1.000000
76 101 0 0.000000 0.000000 0.000000 1.000000
76 50 0 0.000000 0.000000 0.000000 1.000000
77 52 0 0.000000 0.000000 0.000000 1.000000
77 76 0 0.000000 0.000000 0.000000 1.000000
77 78 0 0.000000 0.000000 0.000000 1.000000
77 82 0 0.000000 0.000000 0.000000 1.000000
77 102 0 0.000000 0.000000 0.000000 1.000000
77 51 0 0.000000 0.000000 0.000000 1.000000
78 53 0 0.000000 0.000000 0.000000 1.000000
78 77 0 0.000000 0.000000 0.000000 1.000000
78 79 0 0.000000 0.000000 0.000000 1.000000
78 83 0 0.000000 0.000000 0.000000 1.000000
78 103 0 0.000000 0.000000 0.000000 1.000000
78 52 0 0.000000 0.000000 0.000000 1.000000
79 54 0 0.000000 0.000000 0.000000 1.000000
79 78 0 0.000000 0.000000 0.000000 1.000000
79 84 0 0.000000 0.000000 0.000000 1.000000
79 104 0 0.000000 0.000000 0.000000 1.000000
79 53 0 0.000000 0.000000 0.000000 1.000000
79 59 0 0.000000 0.000000 0.000000 1.000000
80 55 0 0.000000 0.000000 0.000000 1.000000
80 75 0 0.000000 0.000000 0.000000 1.000000
80 81 0 0.000000 0.000000 0.000000 1.000000
80 85 0 0.000000 0.000000 0.000000 1.000000
80 105 0 0.000000 0.000000 0.000000 1.000000
80 50 0 0.000000 0.000000 0.000000 1.000000
81 56 0 0.000000 0.000000 0.000000 1.000000
81 76 0 0.000000 0.000000 0.000000 1.000000
81 80 0 0.000000 0.000000 0.000000 1.000000
81 82 0 0.000000 0.000000 0.000000 1.000000
81 86 0 0.000000 0.000000 0.000000 1.000000
81 106 0 0.000000 0.000000 0.000000 1.000000
82 57 0 0.000000 0.000000 0.000000 1.000000
82 77 0 0.000000 0.000000 0.000000 1.000000
82 81 0 0.000000 0.000000 0.000000 1.000000
82 83 0 0.000000 0.000000 0.000000 1.000000
82 87 0 0.000000 0.000000 0.000000 1.000000
82 107 0 0.000000 0.000000 0.000000 1.000000
83 58 0 0.000000 0.000000 0.000000 1.000000
83 78 0 0.000000 0.000000 0.000000 1.000000
83 82 0 0.000000 0.000000 0.000000 1.000000
83 84 0 0.000000 0.000000 0.000000 1.000000
83 88 0 0.000000 0.000000 0.000000 1.000000
83 108 0 0.000000 0.000000 0.000000 1.000000
84 59 0 0.000000 0.000000 0.000000 1.000000
84 79 0 0.000000 0.000000 0.000000 1.000000
84 83 0 0.000000 0.000000 0.000000 1.000000
84 89 0 0.000000 0.000000 0.000000 1.000000
84 109 0 0.000000 0.000000 0.000000 1.000000
84 54 0 0.000000 0.000000 0.000000 1.000000
85 60 0 0.000000 0.000000 0.000000 1.000000
85 80 0 0.000000 0.000000 0.000000 1.000000
85 86 0 0.000000 0.000000 0.000000 1.000000
85 90 0 0.000000 0.000000 0.000000 1.000000
85 110 0 0.000000 0.000000 0.000000 1.000000
85 55 0 0.000000 0.000000 0.000000 1.000000
86 61 0 0.000000 0.000000 0.000000 1.000000
86 81 0 0.000000 0.000000 0.000000 1.000000
86 85 0 0.000000 0.000000 0.000000 1.000000
86 87 0 0.000000 0.000000 0.000000 1.000000
86 91 0 0.000000 0.000000 0.000000 1.000000
86 111 0 0.000000 0.000000 0.000000 1.000000
87 62 0 0.000000 0.000000 0.000000 1.000000
87 82 0 0.000000 0.000000 0.000000 1.000000
87 86 0 0.000000 0.000000 0.000000 1.000000
87 88 0 0.000000 0.000000 0.000000 1.000000
87 92 0 0.000000 0.000000 0.000000 1.000000
87 112 0 0.000000 0.000000 0.000000 1.000000
88 63 0 0.000000 0.000000 0.000000 1.000000
88 83 0 0.000000 0.000000 0.000000 1.000000
88 87 0 0.000000 0.000000 0.000000 1.000000
88 89 0 0.000000 0.000000 0.000000 1.000000
88 93 0 0.000000 0.000000 0.000000 1.000000
88 113 0 0.000000 0.000000 0.000000 1.000000
89 64 0 0.000000 0.000000 0.000000 1.000000
89 84 0 0.000000 0.000000 0.000000 1.000000
89 88 0 0.000000 0.000000 0.000000 1.000000
89 94 0 0.000000 0.000000 0.000000 1.000000
89 114 0 0.000000 0.000000 0.000000 1.000000
89 59 0 0.000000 0.000000 0.000000 1.000000
90 65 0 0.000000 0.000000 0.000000 1.000000
90 85 0 0.000000 0.000000 0.000000 1.000000
90 91 0 0.000000 0.000000 0.000000 1.000000
90 95 0 0.000000 0.000000 0.000000 1.000000
90 115 0 0.000000 0.000000 0.000000 1.000000
90 60 0 0.000000 0.000000 0.000000 1.000000
91 66 0 0.000000 0.000000 0.000000 1.000000
91 86 0 0.000000 0.000000 0.000000 1.000000
91 90 0 0.000000 0.000000 0.000000 1.000000
91 92 0 0.000000 0.000000 0.000000 1.000000
91 96 0 0.000000 0.000000 0.000000 1.000000
91 116 0 0.000000 0.000000 0.000000 1.000000
92 67 0 0.000000 0.000000 0.000000 1.000000
92 87 0 0.000000 0.000000 0.000000 1.000000
92 91 0 0.000000 0.000000 0.000000 1.000000
92 93 0 0.000000 0.000000 0.000000 1.000000
92 97 0 0.000000 0.000000 0.000000 1.000000
92 117 0 0.000000 0.000000 0.000000 1.000000
93 68 0 0.000000 0.000000 0.000000 1.000000
93 88 0 0.000000 0.000000 0.000000 1.000000
93 92 0 0.000000 0.000000 0.000000 1.000000
93 94 0 0.000000 0.000000 0.000000 1.000000
93 98 0 0.000000 0.000000 0.000000 1.000000
93 118 0 0.000000 0.000000 0.000000 1.000000
94 69 0 0.000000 0.000000 0.000000 1.000000
94 89 0 0.000000 0.000000 0.000000 1.000000
94 93 0 0.000000 0.000000 0.000000 1.000000
94 99 0 0.000000 0.000000 0.000000 1.000000
94 119 0 0.000000 0.000000 0.000000 1.000000
94 64 0 0.000000 0.000000 0.000000 1.000000
95 70 0 0.000000 0.000000 0.000000 1.000000
95 90 0 0.000000 0.000000 0.000000 1.000000
95 96 0 0.000000 0.000000 0.000000 1.000000
95 120 0 0.000000 0.000000 0.000000 1.000000
95 65 0 0.000000 0.000000 0.000000 1.000000
95 71 0 0.000000 0.000000 0.000000 1.000000
96 71 0 0.000000 0.000000 0.000000 1.000000
96 91 0 0.000000 0.000000 0.000000 1.000000
96 95 0 0.000000 0.000000 0.000000 1.000000
96 97 0 0.000000 0.000000 0.000000 1.000000
96 121 0 0.000000 0.000000 0.000000 1.000000
96 66 0 0.000000 0.000000 0.000000 1.000000
97 72 0 0.000000 0.000000 0.000000 1.000000
97 92 0 0.000000 0.000000 0.000000 1.000000
97 96 0 0.000000 0.000000 0.000000 1.000000
97 98 0 0.000000 0.000000 0.000000 1.000000
97 122 0 0.000000 0.000000 0.000000 1.000000
97 67 0 0.000000 0.000000 0.000000 1.000000
98 73 0 0.000000 0.000000 0.000000 1.000000
98 93 0 0.000000 0.000000 0.000000 1.000000
98 97 0 0.000000 0.000000 0.000000 1.000000
98 99 0 0.000000 0.000000 0.000000 1.000000
98 123 0 0.000000 0.000000 0.000000 1.000000
98 68 0 0.000000 0.000000 0.000000 1.000000
99 74 0 0.000000 0.000000 0.000000 1.000000
99 94 0 0.000000 0.000000 0.000000 1.000000
99 98 0 0.000000 0.000000 0.000000 1.000000
99 124 0 0.000000 0.000000 0.000000 1.000000
99 69 0 0.000000 0.000000 0.000000 1.000000
99 73 0 0.000000 0.000000 0.000000 1.000000
100 75 0 0.000000 0.000000 0.000000 1.000000
100 101 0 0.000000 0.000000 0.000000 1.000000
100 105 0 0.000000 0.000000 0.000000 1.000000
100 76 0 0.000000 0.000000 0.000000 1.000000
100 80 0 0.000000 0.000000 0.000000 1.000000
100 106 0 0.000000 0.000000 0.000000 1.000000
101 76 0 0.000000 0.000000 0.000000 1.000000
101 100 0 0.000000 0.000000 0.000000 1.000000
101 102 0 0.000000 0.000000 0.000000 1.000000
101 106 0 0.000000 0.000000 0.000000 1.000000
101 75 0 0.000000 0.000000 0.000000 1.000000
101 77 0 0.000000 0.000000 0.000000 1.000000
102 77 0 0.000000 0.000000 0.000000 1.000000
102 101 0 0.000000 0.000000 0.000000 1.000000
102 103 0 0.000000 0.000000 0.000000 1.000000
102 107 0 0.000000 0.000000 0.000000 1.000000
102 76 0 0.000000 0.000000 0.000000 1.000000
102 78 0 0.000000 0.000000 0.000000 1.000000
103 78 0 0.000000 0.000000 0.000000 1.000000
103 102 0 0.000000 0.000000 0.000000 1.000000
103 104 0 0.000000 0.000000 0.000000 1.000000
103 108 0 0.000000 0.000000 0.000000 1.000000
103 77 0 0.000000 0.000000 0.000000 1.000000
103 79 0 0.000000 0.000000 0.000000 1.000000
104 79 0 0.000000 0.000000 0.000000 1.000000
104 103 0 0.000000 0.000000 0.000000 1.000000
104 109 0 0.000000 0.000000 0.000000 1.000000
104 78 0 0.000000 0.000000 0.000000 1.000000
104 84 0 0.000000 0.000000 0.000000 1.000000
104 108 0 0.000000 0.000000 0.000000 1.000000
105 80 0 0.000000 0.000000 0.000000 1.000000
105 100 0 0.000000 0.000000 0.000000 1.000000
105 106 0 0.000000 0.000000 0.000000 1.000000
105 110 0 0.000000 0.000000 0.000000 1.000000
105 75 0 0.000000 0.000000 0.000000 1.000000
105 81 0 0.000000 0.000000 0.000000 1.000000
106 81 0 0.000000 0.000000 0.000000 1.000000
106 101 0 0.000000 0.000000 0.000000 1.000000
106 105 0 0.000000 0.000000 0.000000 1.000000
106 107 0 0.000000 0.000000 0.000000 1.000000
106 111 0 0.000000 0.000000 0.000000 1.000000
106 76 0 0.000000 0.000000 0.000000 1.000000
107 82 0 0.000000 0.000000 0.000000 1.000000
107 102 0 0.000000 0.000000 0.000000 1.000000
107 106 0 0.000000 0.000000 0.000000 1.000000
107 108 0 0.000000 0.000000 0.000000 1.000000
107 112 0 0.000000 0.000000 0.000000 1.000000
107 77 0 0.000000 0.000000 0.000000 1.000000
108 83 0 0.000000 0.000000 0.000000 1.000000
108 103 0 0.000000 0.000000 0.000000 1.000000
108 107 0 0.000000 0.000000 0.000000 1.000000
108 109 0 0.000000 0.000000 0.000000 1.000000
108 113 0 0.000000 0.000000 0.000000 1.000000
108 78 0 0.000000 0.000000 0.000000 1.000000
109 84 0 0.000000 0.000000 0.000000 1.000000
109 104 0 0.000000 0.000000 0.000000 1.000000
109 108 0 0.000000 0.000000 0.000000 1.000000
109 114 0 0.000000 0.000000 0.000000 1.000000
109 79 0 0.000000 0.000000 0.000000 1.000000
109 83 0 0.000000 0.000000 0.000000 1.000000
110 85 0 0.000000 0.000000 0.000000 1.000000
110 105 0 0.000000 0.000000 0.000000 1.000000
110 111 0 0.000000 0.000000 0.000000 1.000000
110 115 0 0.000000 0.000000 0.000000 1.000000
110 80 0 0.000000 0.000000 0.000000 1.000000
110 86 0 0.000000 0.000000 0.000000 1.000000
111 86 0 0.000000 0.000000 0.000000 1.000000
111 106 0 0.000000 0.000000 0.000000 1.000000
111 110 0 0.000000 0.000000 0.000000 1.000000
111 112 0 0.000000 0.000000 0.000000 1.000000
111 116 0 0.000000 0.000000 0.000000 1.000000
111 81 0 0.000000 0.000000 0.000000 1.000000
112 87 0 0.000000 0.000000 0.000000 1.000000
112 107 0 0.000000 0.000000 0.000000 1.000000
112 111 0 0.000000 0.000000 0.000000 1.000000
112 113 0 0.000000 0.000000 0.000000 1.000000
112 117 0 0.000000 0.000000 0.000000 1.000000
112 82 0 0.000000 0.000000 0.000000 1.000000
113 88 0 0.000000 0.000000 0.000000 1.000000
113 108 0 0.000000 0.000000 0.000000 1.000000
113 112 0 0.000000 0.000000 0.000000 1.000000
113 114 0 0.000000 0.000000 0.000000 1.000000
113 118 0 0.000000 0.000000 0.000000 1.000000
113 83 0 0.000000 0.000000 0.000000 1.000000
114 89 0 0.000000 0.000000 0.000000 1.000000
114 109 0 0.000000 0.000000 0.000000 1.000000
114 113 0 0.000000 0.000000 0.000000 1.000000
114 119 0 0.000000 0.000000 0.000000 1.000000
114 84 0 0.000000 0.000000 0.000000 1.000000
114 88 0 0.000000 0.000000 0.000000 1.000000
115 90 0 0.000000 0.000000 0.000000 1.000000
115 110 0 0.000000 0.000000 0.000000 1.000000
115 116 0 0.000000 0.000000 0.000000 1.000000
115 120 0 0.000000 0.000000 0.000000 1.000000
115 85 0 0.000000 0.000000 0.000000 1.000000
115 91 0 0.000000 0.000000 0.000000 1.000000
116 91 0 0.000000 0.000000 0.000000 1.000000
116 111 0 0.000000 0.000000 0.000000 1.000000
116 115 0 0.000000 0.000000 0.000000 1.000000
116 117 0 0.000000 0.000000 0.000000 1.000000
116 121 0 0.000000 0.000000 0.000000 1.000000
116 86 0 0.000000 0.000000 0.000000 1.000000
117 92 0 0.000000 0.000000 0.000000 1.000000
117 112 0 0.000000 0.000000 0.000000 1.000000
117 116 0 0.000000 0.000000 0.000000 1.000000
117 118 0 0.000000 0.000000 0.000000 1.000000
117 122 0 0.000000 0.000000 0.000000 1.000000
117 87 0 0.000000 0.000000 0.000000 1.000000
118 93 0 0.000000 0.000000 0.000000 1.000000
118 113 0 0.000000 0.000000 0.000000 1.000000
118 117 0 0.000000 0.000000 0.000000 1.000000
118 119 0 0.000000 0.000000 0.000000 1.000000
118 123 0 0.000000 0.000000 0.000000 1.000000
118 88 0 0.000000 0.000000 0.000000 1.000000
119 94 0 0.000000 0.000000 0.000000 1.000000
119 114 0 0.000000 0.000000 0.000000 1.000000
119 118 0 0.000000 0.000000 0.000000 1.000000
119 124 0 0.000000 0.000000 0.000000 1.000000
119 89 0 0.000000 0.000000 0.000000 1.000000
119 93 0 0.000000 0.000000 0.000000 1.000000
120 95 0 0.000000 0.000000 0.000000 1.000000
120 115 0 0.000000 0.000000 0.000000 1.000000
120 121 0 0.000000 0.000000 0.000000 1.000000
120 90 0 0.000000 0.000000 0.000000 1.000000
120 96 0 0.000000 0.000000 0.000000 1.000000
120 116 0 0.000000 0.000000 0.000000 1.000000
121 96 0 0.000000 0.000000 0.000000 1.000000
121 116 0 0.000000 0.000000 0.000000 1.000000
121 120 0 0.000000 0.000000 0.000000 1.000000
121 122 0 0.000000 0.000000 0.000000 1.000000
121 91 0 0.000000 0.000000 0.000000 1.000000
121 95 0 0.000000 0.000000 0.000000 1.000000
122 97 0 0.000000 0.000000 0.000000 1.000000
122 117 0 0.000000 0.000000 0.000000 1.000000
122 121 0 0.000000 0.000000 0.000000 1.000000
122 123 0 0.000000 0.000000 0.000000 1.000000
122 92 0 0.000000 0.000000 0.000000 1.000000
122 96 0 0.000000 0.000000 0.000000 1.000000
123 98 0 0.000000 0.000000 0.000000 1.000000
123 118 0 0.000000 0.000000 0.000000 1.000000
123 122 0 0.000000 0.000000 0.000000 1.000000
123 124 0 0.000000 0.000000 0.000000 1.000000
123 93 0 0.000000 0.000000 0.000000 1.000000
123 97 0 0.000000 0.000000 0.000000 1.000000
124 99 0 0.000000 0.000000 0.000000 1.000000
124 119 0 0.000000 0.000000 0.000000 1.000000
124 123 0 0.000000 0.000000 0.000000 1.000000
124 94 0 0.000000 0.000000 0.000000 1.000000
124 98 0 0.000000 0.000000 0.000000 1.000000
124 118 0 0.000000 0.000000 0.000000 1.000000
125 126 0 0.000000 0.000000 0.000000 1.000000
125 130 0 0.000000 0.000000 0.000000 1.000000
125 131 0 0.000000 0.000000 0.000000 1.000000
125 127 0 0.000000 0.000000 0.000000 1.000000
125 132 0 0.000000 0.000000 0.000000 1.000000
125 128 0 0.000000 0.000000 0.000000 1.000000
126 125 0 0.000000 0.000000 0.000000 1.000000
126 127 0 0.000000 0.000000 0.000000 1.000000
126 131 0 0.000000 0.000000 0.000000 1.000000
126 130 0 0.000000 0.000000 0.000000 1.000000
126 132 0 0.000000 0.000000 0.000000 1.000000
126 128 0 0.000000 0.000000 0.000000 1.000000
127 126 0 0.000000 0.000000 0.000000 1.000000
127 128 0 0.000000 0.000000 0.000000 1.000000
127 132 0 0.000000 0.000000 0.000000 1.000000
127 131 0 0.000000 0.000000 0.000000 1.000000
127 133 0 0.000000 0.000000 0.000000 1.000000
127 125 0 0.000000 0.000000 0.000000 1.000000
128 127 0 0.000000 0.000000 0.000000 1.000000
128 129 0 0.000000 0.000000 0.000000 1.000000
128 133 0 0.000000 0.000000 0.000000 1.000000
128 132 0 0.000000 0.000000 0.000000 1.000000
128 134 0 0.000000 0.000000 0.000000 1.000000
128 126 0 0.000000 0.000000 0.000000 1.000000
129 128 0 0.000000 0.000000 0.000000 1.000000
129 134 0 0.000000 0.000000 0.000000 1.000000
129 133 0 0.000000 0.000000 0.000000 1.000000
129 127 0 0.000000 0.000000 0.000000 1.000000
129 132 0 0.000000 0.000000 0.000000 1.000000
129 126 0 0.000000 0.000000 0.000000 1.000000
130 125 0 0.000000 0.000000 0.000000 1.000000
130 131 0 0.000000 0.000000 0.000000 1.000000
130 126 0 0.000000 0.000000 0.000000 1.000000
130 132 0 0.000000 0.000000 0.000000 1.000000
130 127 0 0.000000 0.000000 0.000000 1.000000
130 133 0 0.000000 0.000000 0.000000 1.000000
131 126 0 0.000000 0.000000 0.000000 1.000000
131 130 0 0.000000 0.000000 0.000000 1.000000
131 132 0 0.000000 0.000000 0.000000 1.000000
131 125 0 0.000000 0.000000 0.000000 1.000000
131 127 0 0.000000 0.000000 0.000000 1.000000
131 133 0 0.000000 0.000000 0.000000 1.000000
132 127 0 0.000000 0.000000 0.000000 1.000000
132 131 0 0.000000 0.000000 0.000000 1.000000
132 133 0 0.000000 0.000000 0.000000 1.000000
132 126 0 0.000000 0.000000 0.000000 1.000000
132 128 0 0.000000 0.000000 0.000000 1.000000
132 130 0 0.000000 0.000000 0.000000 1.000000
133 128 0 0.000000 0.000000 0.000000 1.000000
133 132 0 0.000000 0.000000 0.000000 1.000000
133 134 0 0.000000 0.000000 0.000000 1.000000
133 127 0 0.000000 0.000000 0.000000 1.000000
133 129 0 0.000000 0.000000 0.000000 1.000000
133 131 0 0.000000 0.000000 0.000000 1.000000
134 129 0 0.000000 0.000000 0.000000 1.000000
134 133 0 0.000000 0.000000 0.000000 1.000000
134 128 0 0.000000 0.000000 0.000000 1.000000
134 132 0 0.000000 0.000000 0.000000 1.000000
134 127 0 0.000000 0.000000 0.000000 1.000000
134 131 0 0.000000 0.000000 0.000000 1.000000
125 95 1 1.000000 0.000000 0.000000 1.000000
126 96 1 1.000000 0.000000 0.000000 1.000000
127 97 1 1.000000 0.000000 0.000000 1.000000
128 98 1 1.000000 0.000000 0.000000 1.000000
129 99 1 1.000000 0.000000 0.000000 1.000000
130 120 1 1.000000 0.000000 0.000000 1.000000
131 121 1 1.000000 0.000000 0.000000 1.000000
132 122 1 1.000000 0.000000 0.000000 1.000000
133 123 1 1.000000 0.000000 0.000000 1.000000
134 124 1 1.000000 0.000000 0.000000 1.000000
